0 1 1
1 1 1
2 0 0
3 1 1
4 1 1
5 1 1
6 1 1
7 1 1
8 1 1
9 0 1
10 0 0
11 0 0
12 0 1
13 1 1
14 0 1
15 0 1
16 1 1
17 1 1
18 0 0
19 0 0
20 1 1
21 1 1
22 1 1
23 0 1
24 1 1
25 0 1
26 1 1
27 0 1
28 1 1
29 0 0
30 1 1
31 0 0
32 1 1
33 1 0
34 1 1
35 1 1
36 1 1
37 1 1
38 1 1
39 1 1
40 1 1
41 1 1
42 1 1
43 1 1
44 1 1
45 1 1
46 1 1
47 1 1
48 1 1
49 0 0
50 1 1
51 1 1
52 1 1
53 1 1
54 1 1
55 1 1
56 1 1
57 1 1
58 1 1
59 0 0
60 1 1
61 1 1
62 0 1
63 1 1
64 0 0
65 0 0
66 1 1
67 1 1
68 0 0
69 0 0
70 1 1
71 1 0
72 1 1
73 1 1
74 1 1
75 1 1
76 1 1
77 1 1
78 1 1
79 1 1
80 1 1
81 1 1
82 0 0
83 0 0
84 0 0
85 0 0
86 0 0
87 1 1
88 1 1
89 1 1
90 1 1
91 1 1
92 0 0
93 1 1
94 0 0
95 0 1
96 1 1
97 1 1
98 1 1
99 1 1
100 1 1
101 0 1
102 1 1
103 0 0
104 1 1
105 1 1
106 1 1
107 1 1
108 1 1
109 1 1
110 1 1
111 1 1
112 1 1
113 1 1
114 1 1
115 1 1
116 1 1
117 1 1
118 1 1
119 1 1
120 1 1
121 0 1
122 0 0
123 0 0
124 1 1
125 1 1
126 1 1
127 1 1
128 1 1
129 0 1
130 1 1
131 1 1
132 1 1
133 1 1
134 1 1
135 1 1
136 1 1
137 1 1
138 1 0
139 0 0
140 0 0
141 1 1
142 0 0
143 0 1
144 0 0
145 1 1
146 1 1
147 1 1
148 0 0
149 0 0
150 0 1
151 1 1
152 0 0
153 0 0
154 1 1
155 1 1
156 1 1
157 1 1
158 1 1
159 1 1
160 0 1
161 1 1
162 0 0
163 1 1
164 1 1
165 1 1
166 1 0
167 1 1
168 0 0
169 0 0
170 1 0
171 1 1
172 0 0
173 0 0
174 1 0
175 0 0
176 0 0
177 0 1
178 1 1
179 0 0
180 0 0
181 1 0
182 0 0
183 0 0
184 1 1
185 1 1
186 0 0
187 1 1
188 1 1
189 0 1
190 1 1
191 1 1
192 1 1
193 0 0
194 0 1
195 1 1
196 1 1
197 1 1
198 1 1
199 1 1
200 1 1
201 0 0
202 1 1
203 0 1
204 1 1
205 0 0
206 1 1
207 0 0
208 1 1
209 1 1
210 1 1
211 1 1
212 1 1
213 0 1
214 1 1
215 1 1
216 1 1
217 1 1
218 1 1
219 1 1
220 1 1
221 1 1
222 0 1
223 1 1
224 1 1
225 0 0
226 1 1
227 1 1
228 1 1
229 0 1
230 1 1
231 1 1
232 1 1
233 1 1
234 0 0
235 1 1
236 1 1
237 1 1
238 1 1
239 1 1
240 0 0
241 1 1
242 1 1
243 1 1
244 0 1
245 1 1
246 0 0
247 0 1
248 1 0
249 0 0
250 1 1
251 0 0
252 1 1
253 1 1
254 1 1
255 1 1
256 0 1
257 1 1
258 0 0
259 0 1
260 1 1
261 1 1
262 0 0
263 1 1
264 1 0
265 0 1
266 0 1
267 1 1
268 1 1
269 1 1
270 1 1
271 0 1
272 0 1
273 1 1
274 0 0
275 1 1
276 1 1
277 1 1
278 1 1
279 0 1
280 1 1
281 0 0
282 1 1
283 0 0
284 0 1
285 1 1
286 1 1
287 1 1
288 1 1
289 1 1
290 0 1
291 1 0
292 0 1
293 1 1
294 1 0
295 1 1
296 0 1
297 1 1
298 1 1
299 0 0
300 1 1
301 1 1
302 1 1
303 1 1
304 1 1
305 1 1
306 1 1
307 1 1
308 1 1
309 0 1
310 0 0
311 0 0
312 0 0
313 0 0
314 1 1
315 1 1
316 1 0
317 0 0
318 0 1
319 0 0
320 1 1
321 1 0
322 0 0
323 0 0
324 0 0
325 1 1
326 0 0
327 0 0
328 0 0
329 1 1
330 0 1
331 0 1
332 1 1
333 1 1
334 1 1
335 1 1
336 0 0
337 1 1
338 0 0
339 0 0
340 0 0
341 0 0
342 1 0
343 0 0
344 0 0
345 1 1
346 1 1
347 1 1
348 0 0
349 0 0
350 0 0
351 0 0
352 1 1
353 1 1
354 1 1
355 1 1
356 1 1
357 1 1
358 1 1
359 0 1
360 1 1
361 1 1
362 1 1
363 1 1
364 1 1
365 1 1
366 1 1
367 0 0
368 0 1
369 0 0
370 0 0
371 1 1
372 1 1
373 1 1
374 1 1
375 0 0
376 1 1
377 1 1
378 1 1
379 0 0
380 0 1
381 0 0
382 1 1
383 0 0
384 0 0
385 1 1
386 1 1
387 0 1
388 1 1
389 1 1
390 0 1
391 1 1
392 1 1
393 1 1
394 0 0
395 1 1
396 0 1
397 1 1
398 1 1
399 1 1
400 0 0
401 0 1
402 0 0
403 0 0
404 1 1
405 0 0
406 1 1
407 0 0
408 0 0
409 0 0
410 0 0
411 0 1
412 0 0
413 1 1
414 1 0
415 0 0
416 0 0
417 1 0
418 1 1
419 1 1
420 1 0
421 0 0
422 1 1
423 0 0
424 0 0
425 0 0
426 1 1
427 1 1
428 0 0
429 0 1
430 0 0
431 1 1
432 1 1
433 1 1
434 1 1
435 0 1
436 0 0
437 1 1
438 1 1
439 0 1
440 0 0
441 1 1
442 1 1
443 0 1
444 0 0
445 1 1
446 1 1
447 1 1
448 0 0
449 0 0
450 1 1
451 0 1
452 0 0
453 1 1
454 0 0
455 0 0
456 0 1
457 1 1
458 0 0
459 1 1
460 1 1
461 0 0
462 1 1
463 0 0
464 0 0
465 1 1
466 1 1
467 1 1
468 0 1
469 1 1
470 0 0
471 1 1
472 1 1
473 1 1
474 1 1
475 1 1
476 1 1
477 1 1
478 1 1
479 0 1
480 1 1
481 0 1
482 0 0
483 1 1
484 0 1
485 1 1
486 1 1
487 1 1
488 0 0
489 1 0
490 0 1
491 0 0
492 0 1
493 1 1
494 1 1
495 1 1
496 0 1
497 0 0
498 1 1
499 1 1
500 1 1
501 0 1
502 0 1
503 0 0
504 1 1
505 0 1
506 0 0
507 1 1
508 1 1
509 1 1
510 1 1
511 1 1
512 1 1
513 0 1
514 0 0
515 0 1
516 1 1
517 1 1
518 0 1
519 1 1
520 0 0
521 1 0
522 1 1
523 1 1
524 0 1
525 0 1
526 1 1
527 1 1
528 1 1
529 0 1
530 1 1
531 1 1
532 1 1
533 0 0
534 0 0
535 1 1
536 1 0
537 0 0
538 1 1
539 1 1
540 1 1
541 1 1
542 1 1
543 1 1
544 1 1
545 1 1
546 1 1
547 1 1
548 1 1
549 0 0
550 0 1
551 0 1
552 0 1
553 0 0
554 1 1
555 0 1
556 0 1
557 0 1
558 1 1
559 0 0
560 1 1
561 1 1
562 0 0
563 0 0
564 0 1
565 0 0
566 1 1
567 0 0
568 1 1
569 0 0
570 0 1
571 1 1
572 1 1
573 0 0
574 0 1
575 1 1
576 0 0
577 1 1
578 1 0
579 0 0
580 0 1
581 0 1
582 1 1
583 0 0
584 1 0
585 0 0
586 0 0
587 0 0
588 1 1
589 1 1
590 1 1
591 0 0
592 0 0
593 0 0
594 0 0
595 0 0
596 0 0
597 0 1
598 0 0
599 0 0
600 0 0
601 1 1
602 0 0
603 0 0
604 0 0
605 0 0
606 0 0
607 0 1
608 1 1
609 0 0
610 0 0
611 0 0
612 0 0
613 1 1
614 0 1
615 1 1
616 0 0
617 1 1
618 0 0
619 0 0
620 0 0
621 0 0
622 0 1
623 0 0
624 1 1
625 1 0
626 1 0
627 0 0
628 0 0
629 1 1
630 1 1
631 1 0
632 1 1
633 0 0
634 0 0
635 1 1
636 0 0
637 0 1
638 0 0
639 0 0
640 1 0
641 1 0
642 0 0
643 0 0
644 1 0
645 1 1
646 0 0
647 0 0
648 0 0
649 0 0
650 0 1
651 0 1
652 1 1
653 1 1
654 1 1
655 1 1
656 1 1
657 1 1
658 1 0
659 1 1
660 0 0
661 0 0
662 0 0
663 0 0
664 0 0
665 0 0
666 0 0
667 0 0
668 0 0
669 0 0
670 1 1
671 0 1
672 1 1
673 1 1
674 1 1
675 1 1
676 1 1
677 1 1
678 0 1
679 1 0
680 0 0
681 1 1
682 1 0
683 0 0
684 1 1
685 1 1
686 1 1
687 0 0
688 0 0
689 0 0
690 0 0
691 0 0
692 1 1
693 0 0
694 1 1
695 1 1
696 1 1
697 1 1
698 1 1
699 0 1
700 0 1
701 0 0
702 0 0
703 1 1
704 1 1
705 0 1
706 0 0
707 0 1
708 1 1
709 0 0
710 0 0
711 0 0
712 1 1
713 1 1
714 1 1
715 1 1
716 0 1
717 0 0
718 0 0
719 1 1
720 0 0
721 0 1
722 1 1
723 0 1
724 0 0
725 0 0
726 1 1
727 1 1
728 0 1
729 1 1
730 0 0
731 0 0
732 1 1
733 1 1
734 1 0
735 1 1
736 0 0
737 0 0
738 1 1
739 0 0
740 1 1
741 0 1
742 1 0
743 0 0
744 0 0
745 0 0
746 1 1
747 0 1
748 0 0
749 0 0
750 0 0
751 0 0
752 1 1
753 1 0
754 1 1
755 1 1
756 1 1
757 0 0
758 1 1
759 1 1
760 0 0
761 0 1
762 0 0
763 1 1
764 1 1
765 1 1
766 1 1
767 1 1
768 0 0
769 0 1
770 1 1
771 1 1
772 1 1
773 0 1
774 1 1
775 0 1
776 1 1
777 1 1
778 0 0
779 0 0
780 0 0
781 0 0
782 1 1
783 0 0
784 0 0
785 1 1
786 0 0
787 1 0
788 1 1
789 0 0
790 1 1
791 1 1
792 0 0
793 0 0
794 0 1
795 1 1
796 0 0
797 0 0
798 0 1
799 1 1
800 0 1
801 0 0
802 1 1
803 1 1
804 1 1
805 1 1
806 1 1
807 0 1
808 1 1
809 0 1
810 0 0
811 0 0
812 0 0
813 0 0
814 0 0
815 0 0
816 0 0
817 0 0
818 0 0
819 1 0
820 1 1
821 1 1
822 0 1
823 0 0
824 0 0
825 0 0
826 1 1
827 1 1
828 0 0
829 0 0
830 1 1
831 0 0
832 1 1
833 0 1
834 0 1
835 1 1
836 0 0
837 0 0
838 1 0
839 0 0
840 0 0
841 1 1
842 0 1
843 0 1
844 1 1
845 1 0
846 1 0
847 0 0
848 0 0
849 0 0
850 0 1
851 0 0
852 1 1
853 0 0
854 0 1
855 0 0
856 0 1
857 1 1
858 1 1
859 1 1
860 1 1
861 1 1
862 0 1
863 1 1
864 0 0
865 0 0
866 0 0
867 1 1
868 0 0
869 0 0
870 1 1
871 1 1
872 0 0
873 0 1
874 0 1
875 0 0
876 1 1
877 0 0
878 1 1
879 1 1
880 0 0
881 0 0
882 1 1
883 1 1
884 0 0
885 0 0
886 0 1
887 1 1
888 1 1
889 0 0
890 0 0
891 1 1
892 0 0
893 1 1
894 1 0
895 1 1
896 0 0
897 1 1
898 0 0
899 1 1
900 1 1
901 0 1
902 1 1
903 0 1
904 0 1
905 0 0
906 1 1
907 0 0
908 0 0
909 0 0
910 0 0
911 0 0
912 0 1
913 0 0
914 0 0
915 1 1
916 1 1
917 1 1
918 1 1
919 1 1
920 1 1
921 0 0
922 0 1
923 1 1
924 0 0
925 0 0
926 0 1
927 0 1
928 1 1
929 0 1
930 1 1
931 0 1
932 1 1
933 1 1
934 0 1
935 0 0
936 1 1
937 0 0
938 0 0
939 0 1
940 1 0
941 1 1
942 0 0
943 0 0
944 1 1
945 1 1
946 0 1
947 1 1
948 0 1
949 0 1
950 1 0
951 1 1
952 1 0
953 0 0
954 0 0
955 0 0
956 1 1
957 1 1
958 0 0
959 1 1
960 0 0
961 1 1
962 0 0
963 0 0
964 1 1
965 0 0
966 0 0
967 0 0
968 0 1
969 1 1
970 0 0
971 1 1
972 0 0
973 1 1
974 0 0
975 1 1
976 1 1
977 0 0
978 0 0
979 1 1
980 0 0
981 0 0
982 0 0
983 0 0
984 0 0
985 0 0
986 0 0
987 1 1
988 1 1
989 1 1
990 0 0
991 0 1
992 0 1
993 0 0
994 0 0
995 0 0
996 1 1
997 0 0
998 1 1
999 0 0
1000 0 0
1001 1 1
1002 0 0
1003 1 1
1004 0 1
1005 1 1
1006 1 1
1007 0 0
1008 0 0
1009 1 0
1010 1 1
1011 0 0
1012 0 1
1013 0 0
1014 0 0
1015 1 1
1016 1 1
1017 0 0
1018 0 1
1019 1 0
1020 1 1
1021 0 0
1022 1 1
1023 1 0
1024 0 0
1025 0 0
1026 1 1
1027 0 0
1028 0 0
1029 1 1
1030 0 1
1031 1 1
1032 0 0
1033 0 0
1034 0 1
1035 0 0
1036 1 1
1037 0 0
1038 0 0
1039 0 1
1040 1 1
1041 0 0
1042 1 1
1043 0 1
1044 0 1
1045 1 0
1046 1 1
1047 1 1
1048 0 0
1049 0 0
1050 0 0
1051 1 1
1052 0 0
1053 0 0
1054 0 0
1055 0 0
1056 1 1
1057 1 1
1058 0 0
1059 0 0
1060 0 0
1061 0 0
1062 1 0
1063 0 1
1064 0 0
1065 0 0
1066 0 0
1067 0 0
1068 0 0
1069 0 0
1070 1 0
1071 0 0
1072 0 0
1073 1 1
1074 1 0
1075 1 1
1076 1 1
1077 0 0
1078 1 1
1079 0 1
1080 1 1
1081 1 0
1082 1 1
1083 0 1
1084 0 0
1085 1 1
1086 0 0
1087 0 0
1088 1 1
1089 0 0
1090 0 0
1091 1 1
1092 1 1
1093 0 0
1094 1 1
1095 1 1
1096 0 0
1097 0 0
1098 0 1
1099 0 0
1100 1 1
1101 0 0
1102 0 0
1103 1 1
1104 0 0
1105 1 1
1106 0 0
1107 0 0
1108 0 0
1109 1 1
1110 0 0
1111 0 0
1112 0 0
1113 1 0
1114 1 1
1115 1 1
1116 0 0
1117 0 1
1118 1 1
1119 0 0
1120 0 0
1121 1 0
1122 1 1
1123 0 0
1124 0 0
1125 0 0
1126 1 1
1127 0 0
1128 1 1
1129 0 0
1130 0 1
1131 0 0
1132 0 0
1133 0 1
1134 0 0
1135 0 1
1136 1 1
1137 0 0
1138 1 1
1139 0 1
1140 1 1
1141 1 1
1142 0 1
1143 1 1
1144 1 1
1145 0 1
1146 0 1
1147 0 0
1148 0 1
1149 0 0
1150 1 1
1151 0 0
1152 0 0
1153 1 1
1154 0 0
1155 0 0
1156 0 1
1157 0 0
1158 1 0
1159 0 0
1160 0 0
1161 1 1
1162 1 0
1163 0 0
1164 0 0
1165 0 0
1166 0 1
1167 0 0
1168 0 0
1169 0 0
1170 0 0
1171 0 0
1172 1 1
1173 0 0
1174 1 1
1175 1 1
1176 0 0
1177 0 0
1178 0 0
1179 0 0
1180 0 1
1181 0 1
1182 0 1
1183 1 1
1184 1 1
1185 1 1
1186 1 1
1187 1 0
1188 1 1
1189 0 0
1190 0 1
1191 0 0
1192 0 0
1193 1 0
1194 0 0
1195 0 0
1196 0 0
1197 1 1
1198 0 0
1199 1 1
1200 1 1
1201 1 1
1202 1 1
1203 0 0
1204 0 1
1205 0 0
1206 0 0
1207 0 0
1208 0 0
1209 0 0
1210 0 0
1211 0 0
1212 1 0
1213 0 0
1214 1 1
1215 0 0
1216 1 1
1217 0 1
1218 1 1
1219 0 0
1220 1 1
1221 1 0
1222 0 0
1223 0 0
1224 1 1
1225 0 1
1226 1 0
1227 0 0
1228 1 1
1229 0 1
1230 0 1
1231 1 1
1232 0 1
1233 0 0
1234 1 1
1235 1 1
1236 1 1
1237 0 0
1238 0 0
1239 1 1
1240 1 1
1241 0 0
1242 0 0
1243 0 0
1244 1 1
1245 0 0
1246 0 0
1247 0 0
1248 1 1
1249 0 1
1250 0 0
1251 0 0
1252 0 0
1253 1 1
1254 1 1
1255 1 1
1256 1 1
1257 1 1
1258 1 1
1259 1 1
1260 0 1
1261 1 1
1262 1 1
1263 0 0
1264 0 0
1265 0 0
1266 0 0
1267 1 1
1268 1 1
1269 0 1
1270 1 0
1271 0 1
1272 0 1
1273 0 0
1274 0 0
1275 0 1
1276 1 1
1277 1 1
1278 1 1
1279 0 0
1280 0 0
1281 0 0
1282 0 0
1283 0 1
1284 0 0
1285 0 0
1286 0 0
1287 0 0
1288 1 1
1289 1 1
1290 1 1
1291 0 0
1292 0 0
1293 0 0
1294 1 1
1295 0 0
1296 0 0
1297 1 1
1298 1 0
1299 0 0
1300 0 0
1301 0 0
1302 0 0
1303 1 1
1304 0 0
1305 0 0
1306 0 0
1307 1 1
1308 1 1
1309 0 0
1310 1 1
1311 1 1
1312 0 1
1313 0 0
1314 0 0
1315 1 1
1316 1 1
1317 0 0
1318 1 1
1319 0 1
1320 0 0
1321 0 1
1322 0 1
1323 0 0
1324 1 1
1325 1 1
1326 1 1
1327 0 1
1328 0 1
1329 0 0
1330 1 1
1331 0 0
1332 0 0
1333 0 0
1334 0 0
1335 0 0
1336 0 0
1337 0 0
1338 0 1
1339 0 0
1340 0 0
1341 1 1
1342 1 1
1343 1 0
1344 0 0
1345 1 1
1346 0 1
1347 1 1
1348 0 0
1349 1 1
1350 0 1
1351 1 0
1352 1 1
1353 1 1
1354 0 0
1355 1 0
1356 0 0
1357 0 0
1358 0 0
1359 0 0
1360 0 0
1361 0 0
1362 1 1
1363 1 1
1364 1 0
1365 0 0
1366 0 0
1367 0 0
1368 0 0
1369 1 0
1370 0 0
1371 0 0
1372 1 1
1373 0 0
1374 1 1
1375 0 0
1376 0 0
1377 0 0
1378 0 0
1379 0 0
1380 0 0
1381 0 0
1382 0 0
1383 0 0
1384 0 0
1385 1 1
1386 0 0
1387 0 0
1388 0 1
1389 1 1
1390 0 0
1391 0 1
1392 0 1
1393 0 0
1394 0 0
1395 1 1
1396 1 1
1397 1 1
1398 0 0
1399 1 0
1400 0 0
1401 0 1
1402 0 0
1403 1 1
1404 1 0
1405 0 0
1406 0 1
1407 1 1
1408 0 1
1409 1 1
1410 1 0
1411 1 1
1412 1 1
1413 1 1
1414 1 1
1415 0 0
1416 1 1
1417 0 0
1418 0 0
1419 1 1
1420 0 0
1421 0 1
1422 0 0
1423 0 0
1424 0 1
1425 0 0
1426 1 0
1427 1 1
1428 0 0
1429 0 0
1430 1 0
1431 0 0
1432 0 0
1433 0 0
1434 0 0
1435 1 1
1436 0 0
1437 0 1
1438 1 1
1439 0 1
1440 0 0
1441 0 0
1442 1 1
1443 0 1
1444 1 1
1445 1 1
1446 1 1
1447 0 0
1448 0 1
1449 0 0
1450 0 0
1451 1 0
1452 0 0
1453 0 0
1454 0 0
1455 1 1
1456 0 0
1457 0 1
1458 0 0
1459 0 0
1460 0 0
1461 1 1
1462 0 0
1463 0 0
1464 0 0
1465 0 0
1466 0 0
1467 0 0
1468 0 0
1469 1 1
1470 0 0
1471 0 1
1472 0 0
1473 0 0
1474 0 0
1475 1 0
1476 1 1
1477 1 1
1478 0 0
1479 0 0
1480 0 0
1481 0 0
1482 0 0
1483 0 0
1484 0 1
1485 0 0
1486 0 0
1487 1 1
1488 1 0
1489 1 0
1490 1 0
1491 0 0
1492 0 0
1493 1 1
1494 0 1
1495 0 1
1496 1 1
1497 0 0
1498 0 0
1499 0 0
1500 0 0
1501 1 1
1502 1 1
1503 1 1
1504 1 1
1505 0 0
1506 0 0
1507 0 0
1508 0 0
1509 0 0
1510 0 0
1511 0 0
1512 1 0
1513 1 1
1514 1 1
1515 0 0
1516 0 1
1517 0 0
1518 1 1
1519 0 0
1520 0 0
1521 0 0
1522 0 0
1523 1 1
1524 1 1
1525 0 0
1526 1 1
1527 0 0
1528 1 1
1529 0 0
1530 1 1
1531 0 0
1532 0 0
1533 0 0
1534 0 0
1535 0 0
1536 1 1
1537 0 0
1538 0 1
1539 0 0
1540 0 0
1541 0 1
1542 1 1
1543 1 1
1544 0 0
1545 1 1
1546 0 0
1547 1 1
1548 0 0
1549 0 1
1550 0 0
1551 0 1
1552 0 0
1553 0 0
1554 1 1
1555 0 1
1556 1 1
1557 0 0
1558 1 0
1559 0 0
1560 0 0
1561 0 0
1562 1 0
1563 0 0
1564 0 0
1565 0 0
1566 1 0
1567 0 0
1568 0 0
1569 0 0
1570 1 1
1571 0 0
1572 0 0
1573 0 0
1574 0 0
1575 0 0
1576 0 0
1577 0 0
1578 0 0
1579 1 1
1580 1 1
1581 0 0
1582 0 0
1583 1 1
1584 0 0
1585 0 0
1586 0 1
1587 0 0
1588 0 0
1589 1 1
1590 1 1
1591 0 0
1592 0 1
1593 0 1
1594 0 1
1595 0 0
1596 0 0
1597 0 0
1598 0 0
1599 1 0
1600 0 0
1601 0 0
1602 1 0
1603 0 0
1604 0 1
1605 0 1
1606 1 0
1607 0 1
1608 1 1
1609 0 0
1610 0 0
1611 0 0
1612 1 1
1613 0 0
1614 0 0
1615 1 1
1616 0 0
1617 1 1
1618 0 0
1619 0 0
1620 1 0
1621 0 1
1622 1 0
1623 1 1
1624 1 1
1625 0 0
1626 0 0
1627 0 1
1628 1 1
1629 0 0
1630 1 1
1631 1 0
1632 1 0
1633 0 0
1634 0 0
1635 0 0
1636 0 0
1637 0 0
1638 0 0
1639 0 0
1640 0 0
1641 0 1
1642 0 0
1643 0 0
1644 0 0
1645 0 0
1646 0 0
1647 0 0
1648 0 0
1649 0 0
1650 0 1
1651 0 1
1652 0 0
1653 0 0
1654 0 0
1655 0 0
1656 0 0
1657 0 0
1658 0 0
1659 1 1
1660 1 1
1661 0 0
1662 1 1
1663 0 0
1664 1 1
1665 0 0
1666 0 0
1667 0 0
1668 0 0
1669 0 0
1670 0 0
1671 0 0
1672 0 1
1673 1 1
1674 0 0
1675 0 0
1676 0 0
1677 0 0
1678 0 1
1679 0 0
1680 0 0
1681 0 0
1682 1 0
1683 0 0
1684 0 0
1685 0 0
1686 0 0
1687 0 0
1688 0 0
1689 0 0
1690 0 0
1691 1 1
1692 0 0
1693 1 0
1694 0 0
1695 0 0
1696 0 0
1697 1 1
1698 1 1
1699 1 1
1700 0 1
1701 0 0
1702 0 0
1703 1 0
1704 0 0
1705 0 0
1706 0 0
1707 0 0
1708 0 0
1709 1 0
1710 0 0
1711 0 1
1712 1 1
1713 1 0
1714 0 0
1715 0 0
1716 0 0
1717 1 0
1718 0 0
1719 0 1
1720 0 0
1721 0 1
1722 0 1
1723 0 0
1724 0 0
1725 1 0
1726 0 0
1727 0 0
1728 0 1
1729 0 0
1730 0 1
1731 0 0
1732 0 0
1733 0 0
1734 0 1
1735 0 0
1736 0 0
1737 0 0
1738 0 1
1739 1 1
1740 0 0
1741 0 0
1742 0 0
1743 0 0
1744 0 0
1745 1 0
1746 0 0
1747 0 0
1748 0 1
1749 0 0
1750 0 0
1751 0 0
1752 1 1
1753 1 0
1754 1 1
1755 0 0
1756 0 1
1757 0 0
1758 0 0
1759 0 0
1760 0 1
1761 0 0
1762 0 0
1763 0 0
1764 0 0
1765 0 0
1766 0 0
1767 1 1
1768 0 0
1769 0 0
1770 0 0
1771 0 0
1772 0 0
1773 0 0
1774 0 0
1775 1 0
1776 1 1
1777 1 1
1778 1 0
1779 0 0
1780 0 0
1781 0 0
1782 0 0
1783 0 0
1784 0 0
1785 0 0
1786 0 0
1787 0 0
1788 0 0
1789 1 1
1790 0 0
1791 0 0
1792 0 0
1793 0 0
1794 0 1
1795 0 0
1796 1 0
1797 1 0
1798 1 1
1799 0 0
1800 0 0
1801 0 1
1802 1 1
1803 0 0
1804 0 1
1805 0 0
1806 0 0
1807 0 1
1808 0 0
1809 1 1
1810 1 0
1811 0 0
1812 1 1
1813 0 0
1814 0 0
1815 0 0
1816 0 0
1817 0 0
1818 1 1
1819 0 0
1820 1 1
1821 1 1
1822 1 1
1823 0 0
1824 0 0
1825 1 1
1826 0 0
1827 0 0
1828 1 1
1829 1 0
1830 0 0
1831 0 0
1832 0 1
1833 0 0
1834 0 0
1835 0 0
1836 0 0
1837 0 0
1838 0 0
1839 0 0
1840 0 0
1841 0 0
1842 0 0
1843 0 0
1844 1 0
1845 0 0
1846 0 0
1847 0 0
1848 0 0
1849 0 0
1850 0 0
1851 0 0
1852 1 0
1853 1 0
1854 1 1
1855 0 0
1856 0 1
1857 0 1
1858 0 0
1859 1 1
1860 0 0
1861 0 0
1862 0 0
1863 1 0
1864 0 0
1865 0 0
1866 0 0
1867 1 0
1868 1 1
1869 0 1
1870 0 0
1871 0 0
1872 0 0
1873 0 0
1874 0 0
1875 0 0
1876 0 0
1877 1 0
1878 0 1
1879 0 0
1880 1 0
1881 0 0
1882 0 0
1883 0 0
1884 0 0
1885 0 0
1886 0 0
1887 0 0
1888 1 1
1889 1 1
1890 0 1
1891 0 0
1892 0 0
1893 0 1
1894 0 0
1895 0 0
1896 1 1
1897 0 0
1898 0 0
1899 0 1
1900 0 0
1901 1 1
1902 0 0
1903 0 0
1904 0 0
1905 0 0
1906 0 1
1907 0 0
1908 0 0
1909 0 0
1910 1 0
1911 0 0
1912 0 0
1913 0 0
1914 0 0
1915 0 0
1916 1 0
1917 0 0
1918 0 1
1919 0 0
1920 0 0
1921 0 0
1922 1 0
1923 1 1
1924 0 0
1925 0 0
1926 0 0
1927 0 0
1928 0 0
1929 0 0
1930 0 0
1931 0 0
1932 0 0
1933 1 0
1934 0 0
1935 0 0
1936 0 0
1937 0 0
1938 0 0
1939 0 0
1940 0 0
1941 0 0
1942 0 1
1943 0 0
1944 0 1
1945 0 0
1946 0 0
1947 0 1
1948 0 0
1949 0 1
1950 0 1
1951 0 0
1952 1 1
1953 0 0
1954 0 0
1955 0 0
1956 0 1
1957 0 0
1958 0 0
1959 0 1
1960 0 1
1961 0 0
1962 0 0
1963 0 0
1964 0 0
1965 0 0
1966 0 0
1967 0 0
1968 1 0
1969 0 1
1970 1 0
1971 1 0
1972 0 0
1973 1 1
1974 0 1
1975 0 0
1976 0 0
1977 0 0
1978 0 0
1979 1 1
1980 0 1
1981 0 0
1982 0 1
1983 0 0
1984 1 1
1985 1 0
1986 1 1
1987 0 0
1988 0 1
1989 0 1
1990 0 0
1991 0 0
1992 0 1
1993 0 0
1994 0 0
1995 0 0
1996 0 0
1997 0 1
1998 0 0
1999 0 0
2000 0 0
2001 0 0
2002 0 0
2003 0 0
2004 0 0
2005 0 0
2006 0 0
2007 0 0
2008 0 0
2009 0 1
2010 0 0
2011 0 0
2012 0 0
2013 1 1
2014 1 0
2015 1 1
2016 0 0
2017 1 0
2018 0 1
2019 0 0
2020 0 1
2021 1 0
2022 0 0
2023 0 1
2024 0 0
2025 1 0
2026 0 0
2027 0 0
2028 0 1
2029 0 0
2030 1 1
2031 1 1
2032 0 0
2033 0 0
2034 0 0
2035 0 0
2036 0 0
2037 0 0
2038 0 0
2039 1 0
2040 0 0
2041 0 0
2042 0 0
2043 1 0
2044 0 0
2045 0 0
2046 0 0
2047 0 0
2048 0 1
2049 0 0
2050 0 0
2051 1 1
2052 1 0
2053 1 0
2054 0 1
2055 0 0
2056 0 0
2057 1 0
2058 1 1
2059 1 0
2060 0 1
2061 0 0
2062 0 0
2063 1 1
2064 0 1
2065 1 1
2066 0 1
2067 0 1
2068 0 0
2069 0 0
2070 0 0
2071 1 1
2072 0 1
2073 1 1
2074 1 1
2075 0 0
2076 0 1
2077 0 0
2078 0 0
2079 0 0
2080 0 0
2081 1 1
2082 0 0
2083 0 0
2084 0 1
2085 0 0
2086 0 0
2087 1 0
2088 0 0
2089 0 0
2090 1 1
2091 0 0
2092 0 0
2093 0 0
2094 0 0
2095 0 0
2096 1 1
2097 0 0
2098 1 1
2099 0 0
2100 0 0
2101 0 0
2102 0 0
2103 0 1
2104 0 0
2105 0 0
2106 0 0
2107 1 0
2108 0 0
2109 0 0
2110 0 0
2111 1 0
2112 0 0
2113 0 1
2114 0 1
2115 0 0
2116 1 1
2117 0 0
2118 0 1
2119 0 0
2120 1 1
2121 0 0
2122 0 0
2123 0 0
2124 0 0
2125 0 0
2126 1 0
2127 0 0
2128 0 0
2129 0 0
2130 0 0
2131 0 0
2132 0 0
2133 1 1
2134 0 0
2135 1 0
2136 0 0
2137 0 0
2138 0 0
2139 1 0
2140 0 0
2141 0 0
2142 0 1
2143 0 0
2144 1 0
2145 0 0
2146 0 0
2147 1 1
2148 0 0
2149 0 0
2150 0 0
2151 0 0
2152 0 0
2153 0 0
2154 0 0
2155 0 0
2156 0 0
2157 1 0
2158 1 1
2159 0 0
2160 0 0
2161 0 0
2162 0 1
2163 0 1
2164 0 0
2165 0 0
2166 0 0
2167 1 0
2168 0 0
2169 1 0
2170 0 0
2171 0 0
2172 0 0
2173 0 0
2174 0 0
2175 0 1
2176 0 0
2177 0 0
2178 0 0
2179 1 0
2180 0 1
2181 0 0
2182 0 0
2183 0 0
2184 0 0
2185 0 0
2186 0 0
2187 0 0
2188 0 0
2189 1 0
2190 0 0
2191 0 0
2192 0 0
2193 0 0
2194 1 1
2195 0 0
2196 0 0
2197 0 1
2198 0 0
2199 1 1
2200 1 0
2201 0 0
2202 0 0
2203 0 0
2204 0 0
2205 0 0
2206 1 0
2207 0 0
2208 0 0
2209 0 0
2210 0 1
2211 0 0
2212 0 0
2213 0 0
2214 1 1
2215 0 0
2216 0 1
2217 0 0
2218 1 0
2219 1 1
2220 0 0
2221 0 0
2222 0 0
2223 0 0
2224 0 0
2225 0 0
2226 0 0
2227 0 0
2228 0 0
2229 0 0
2230 0 0
2231 0 0
2232 1 0
2233 0 0
2234 0 0
2235 1 1
2236 0 0
2237 0 0
2238 0 0
2239 0 0
2240 1 0
2241 1 0
2242 0 0
2243 0 0
2244 0 0
2245 0 0
2246 0 0
2247 0 0
2248 0 0
2249 0 0
2250 0 0
2251 0 0
2252 0 0
2253 0 0
2254 1 1
2255 0 0
2256 1 1
2257 0 0
2258 0 0
2259 0 0
2260 0 0
2261 0 0
2262 0 0
2263 0 0
2264 0 1
2265 0 0
2266 0 0
2267 0 1
2268 1 1
2269 1 1
2270 0 0
2271 0 0
2272 0 1
2273 0 0
2274 0 0
2275 0 0
2276 0 1
2277 0 0
2278 0 0
2279 0 0
2280 0 0
2281 1 1
2282 1 0
2283 0 0
2284 0 0
2285 0 1
2286 0 0
2287 0 1
2288 0 0
2289 0 0
2290 1 1
2291 0 0
2292 0 0
2293 0 0
2294 0 0
2295 0 0
2296 0 0
2297 0 0
2298 0 1
2299 0 0
2300 1 0
2301 1 0
2302 1 1
2303 0 0
2304 0 0
2305 0 0
2306 0 0
2307 0 1
2308 0 0
2309 0 0
2310 0 0
2311 1 1
2312 0 0
2313 1 1
2314 0 0
2315 0 0
2316 0 0
2317 0 0
2318 0 0
2319 0 0
2320 0 0
2321 0 0
2322 0 0
2323 0 0
2324 0 0
2325 0 0
2326 0 0
2327 0 0
2328 0 1
2329 0 0
2330 1 1
2331 0 0
2332 0 0
2333 0 0
2334 0 0
2335 0 0
2336 1 1
2337 0 0
2338 0 0
2339 0 0
2340 1 0
2341 1 1
2342 0 0
2343 0 0
2344 1 0
2345 0 0
2346 0 0
2347 0 0
2348 0 0
2349 0 0
2350 0 0
2351 0 0
2352 0 0
2353 1 1
2354 0 0
2355 0 0
2356 0 0
2357 0 0
2358 0 0
2359 0 0
2360 1 1
2361 0 0
2362 0 0
2363 0 0
2364 0 0
2365 0 1
2366 0 0
2367 0 0
2368 0 0
2369 1 0
2370 0 0
2371 1 0
2372 0 0
2373 0 0
2374 1 0
2375 0 0
2376 0 0
2377 0 0
2378 1 0
2379 0 0
2380 0 0
2381 0 0
2382 0 0
2383 0 0
2384 0 0
2385 0 0
2386 0 0
2387 1 0
2388 0 0
2389 0 0
2390 0 0
2391 0 0
2392 0 0
2393 1 0
2394 1 0
2395 0 0
2396 0 0
2397 0 0
2398 0 0
2399 0 0
2400 0 0
2401 1 1
2402 0 0
2403 0 0
2404 0 0
2405 0 0
2406 1 1
2407 0 0
2408 0 0
2409 0 0
2410 0 0
2411 0 0
2412 0 0
2413 0 0
2414 1 1
2415 1 0
2416 1 0
2417 0 0
2418 0 1
2419 0 0
2420 0 0
2421 1 0
2422 0 0
2423 0 0
2424 0 0
2425 0 0
2426 0 0
2427 0 1
2428 0 0
2429 0 1
2430 0 0
2431 0 0
2432 0 0
2433 0 0
2434 1 1
2435 0 0
2436 0 0
2437 0 0
2438 0 0
2439 0 0
2440 0 0
2441 1 0
2442 0 0
2443 0 0
2444 0 0
2445 0 0
2446 1 0
2447 0 0
2448 0 1
2449 0 0
2450 0 0
2451 0 1
2452 0 1
2453 0 0
2454 0 0
2455 0 0
2456 0 0
2457 0 0
2458 0 0
2459 0 0
2460 1 0
2461 1 0
2462 0 0
2463 0 0
2464 0 1
2465 0 0
2466 0 0
2467 0 0
2468 1 0
2469 1 1
2470 0 0
2471 0 0
2472 1 1
2473 0 0
2474 0 0
2475 0 0
2476 1 1
2477 1 0
2478 1 0
2479 1 0
2480 0 0
2481 0 0
2482 0 0
2483 0 0
2484 1 0
2485 1 1
2486 0 0
2487 0 0
2488 0 0
2489 0 0
2490 0 0
2491 0 0
2492 1 1
2493 0 0
2494 0 0
2495 0 0
2496 1 0
2497 0 0
2498 0 0
2499 0 0
2500 0 0
2501 0 0
2502 0 0
2503 0 0
2504 1 1
2505 0 1
2506 0 0
2507 0 0
2508 0 0
2509 0 0
2510 0 0
2511 0 0
2512 1 1
2513 0 0
2514 1 0
2515 0 0
2516 0 0
2517 0 0
2518 0 0
2519 0 0
2520 0 0
2521 0 0
2522 0 0
2523 1 0
2524 0 0
2525 0 0
2526 0 0
2527 0 0
2528 0 0
2529 0 0
2530 0 0
2531 0 1
2532 0 0
2533 0 0
2534 0 0
2535 0 1
2536 0 0
2537 0 0
2538 1 0
2539 0 0
2540 0 0
2541 0 0
2542 0 0
2543 0 0
2544 0 0
2545 1 0
2546 0 0
2547 0 0
2548 0 1
2549 0 0
2550 0 0
2551 0 0
2552 0 0
2553 0 0
2554 0 1
2555 0 0
2556 0 0
2557 0 0
2558 0 0
2559 0 0
2560 0 0
2561 0 0
2562 1 1
2563 0 0
2564 0 1
2565 0 0
2566 1 1
2567 0 1
2568 0 0
2569 0 0
2570 0 0
2571 0 0
2572 0 0
2573 1 0
2574 0 0
2575 0 0
2576 0 0
2577 0 1
2578 0 0
2579 0 1
2580 0 0
2581 0 0
2582 0 0
2583 1 0
2584 0 0
2585 0 0
2586 1 0
2587 0 0
2588 0 0
2589 1 0
2590 0 0
2591 0 0
2592 0 0
2593 0 1
2594 0 0
2595 0 0
2596 0 0
2597 0 0
2598 0 1
2599 0 0
2600 0 0
2601 1 0
2602 1 1
2603 0 1
2604 0 0
2605 0 0
2606 0 0
2607 0 0
2608 0 0
2609 1 0
2610 0 0
2611 0 0
2612 0 0
2613 1 1
2614 0 0
2615 0 0
2616 0 0
2617 0 0
2618 0 0
2619 1 0
2620 0 0
2621 0 0
2622 0 0
2623 0 0
2624 1 0
2625 0 0
2626 0 0
2627 1 1
2628 0 0
2629 0 0
2630 0 0
2631 0 0
2632 0 0
2633 0 0
2634 0 0
2635 0 0
2636 0 0
2637 0 0
2638 0 0
2639 0 0
2640 0 0
2641 0 0
2642 0 0
2643 0 1
2644 0 0
2645 0 0
2646 0 0
2647 1 0
2648 0 1
2649 1 1
2650 0 0
2651 1 0
2652 0 1
2653 0 0
2654 0 0
2655 0 0
2656 0 0
2657 0 0
2658 0 0
2659 0 0
2660 0 1
2661 0 0
2662 0 0
2663 0 0
2664 0 0
2665 0 1
2666 0 0
2667 1 0
2668 0 0
2669 0 0
2670 0 0
2671 0 0
2672 0 0
2673 0 0
2674 1 1
2675 0 0
2676 0 0
2677 0 0
2678 0 0
2679 0 0
2680 0 0
2681 1 0
2682 0 0
2683 0 0
2684 0 0
2685 0 0
2686 0 0
2687 0 0
2688 0 0
2689 0 1
2690 0 0
2691 0 0
2692 0 0
2693 1 0
2694 0 0
2695 1 0
2696 1 1
2697 0 0
2698 0 0
2699 1 0
2700 0 0
2701 0 0
2702 0 0
2703 1 1
2704 0 0
2705 0 0
2706 0 0
2707 0 0
2708 0 0
2709 0 0
2710 0 0
2711 0 0
2712 0 0
2713 0 0
2714 0 0
2715 0 0
2716 1 0
2717 1 0
2718 0 0
2719 0 1
2720 0 0
2721 0 0
2722 0 0
2723 0 0
2724 0 0
2725 0 0
2726 1 0
2727 0 0
2728 0 0
2729 0 0
2730 0 0
2731 0 0
2732 0 0
2733 0 0
2734 0 0
2735 0 0
2736 0 1
2737 0 0
2738 0 0
2739 0 0
2740 0 0
2741 0 0
2742 0 0
2743 0 0
2744 0 0
2745 0 0
2746 0 0
2747 0 0
2748 0 0
2749 0 0
2750 1 0
2751 0 0
2752 0 0
2753 0 0
2754 0 0
2755 0 0
2756 0 0
2757 0 0
2758 1 0
2759 0 0
2760 0 0
2761 0 0
2762 0 0
2763 0 0
2764 1 0
2765 0 0
2766 0 0
2767 0 0
2768 0 0
2769 0 0
2770 0 0
2771 0 1
2772 0 0
2773 0 0
2774 0 0
2775 1 0
2776 0 0
2777 1 1
2778 0 0
2779 1 0
2780 0 0
2781 1 1
2782 0 0
2783 0 0
2784 0 0
2785 0 0
2786 0 1
2787 0 0
2788 0 0
2789 0 0
2790 0 0
2791 1 0
2792 0 0
2793 1 0
2794 1 0
2795 0 0
2796 1 0
2797 1 0
2798 0 0
2799 0 0
2800 0 0
2801 0 0
2802 0 0
2803 0 0
2804 1 1
2805 1 0
2806 0 0
2807 0 0
2808 0 0
2809 0 0
2810 0 0
2811 0 0
2812 0 0
2813 0 0
2814 1 1
2815 0 1
2816 0 0
2817 0 0
2818 1 0
2819 1 1
2820 0 0
2821 0 0
2822 0 0
2823 1 1
2824 0 0
2825 0 0
2826 0 1
2827 0 0
2828 0 0
2829 0 0
2830 0 0
2831 0 0
2832 0 0
2833 0 0
2834 1 0
2835 0 0
2836 0 0
2837 0 0
2838 0 0
2839 0 0
2840 0 0
2841 0 0
2842 0 0
2843 0 0
2844 0 0
2845 0 0
2846 0 0
2847 0 0
2848 0 0
2849 0 0
2850 0 0
2851 0 0
2852 0 0
2853 1 0
2854 0 0
2855 0 1
2856 0 1
2857 0 0
2858 1 1
2859 1 0
2860 0 0
2861 0 0
2862 0 0
2863 0 0
2864 0 0
2865 1 0
2866 0 0
2867 0 0
2868 1 1
2869 0 0
2870 0 0
2871 0 0
2872 0 0
2873 0 0
2874 0 0
2875 0 0
2876 0 0
2877 0 1
2878 1 0
2879 0 0
2880 0 0
2881 0 0
2882 1 0
2883 0 0
2884 1 0
2885 1 0
2886 0 0
2887 0 0
2888 1 0
2889 0 0
2890 0 0
2891 1 0
2892 1 0
2893 0 0
2894 0 0
2895 0 0
2896 0 0
2897 0 0
2898 0 0
2899 0 0
2900 0 0
2901 0 0
2902 1 0
2903 0 0
2904 0 0
2905 1 0
2906 0 0
2907 0 0
2908 0 0
2909 0 0
2910 0 1
2911 0 0
2912 0 0
2913 0 0
2914 0 0
2915 0 0
2916 0 0
2917 0 0
2918 0 0
2919 0 0
2920 0 0
2921 0 0
2922 1 0
2923 0 0
2924 1 0
2925 0 0
2926 0 0
2927 1 0
2928 0 0
2929 0 0
2930 1 0
2931 0 0
2932 0 0
2933 1 0
2934 0 0
2935 0 0
2936 0 0
2937 0 0
2938 0 0
2939 0 0
2940 0 0
2941 0 0
2942 0 0
2943 0 0
2944 0 0
2945 0 0
2946 0 0
2947 0 0
2948 0 0
2949 0 0
2950 0 1
2951 0 0
2952 0 0
2953 1 0
2954 0 0
2955 0 0
2956 0 0
2957 0 0
2958 0 0
2959 0 0
2960 0 0
2961 0 0
2962 0 0
2963 0 0
2964 0 0
2965 0 0
2966 1 0
2967 1 0
2968 0 0
2969 0 1
2970 0 0
2971 0 0
2972 0 0
2973 0 0
2974 0 0
2975 0 0
2976 0 0
2977 0 0
2978 0 0
2979 0 0
2980 0 0
2981 0 0
2982 0 0
2983 0 0
2984 0 0
2985 0 0
2986 0 0
2987 0 0
2988 0 0
2989 0 0
2990 0 0
2991 0 0
2992 0 0
2993 0 0
2994 0 0
2995 0 1
2996 0 0
2997 0 0
2998 0 0
2999 1 0
3000 0 0
3001 0 0
3002 0 0
3003 1 0
3004 0 0
3005 0 0
3006 0 0
3007 0 0
3008 0 1
3009 0 0
3010 0 0
3011 0 0
3012 0 0
3013 1 0
3014 0 0
3015 0 0
3016 0 0
3017 0 0
3018 0 0
3019 0 0
3020 0 1
3021 0 0
3022 0 0
3023 0 0
3024 0 0
3025 0 0
3026 1 0
3027 0 0
3028 0 0
3029 0 0
3030 0 0
3031 0 0
3032 1 0
3033 1 0
3034 0 0
3035 0 0
3036 0 0
3037 0 0
3038 0 0
3039 0 0
3040 0 0
3041 0 1
3042 0 0
3043 0 0
3044 0 0
3045 1 0
3046 0 0
3047 1 0
3048 0 1
3049 0 0
3050 0 0
3051 0 0
3052 0 0
3053 0 0
3054 0 0
3055 0 0
3056 0 0
3057 0 0
3058 0 0
3059 0 0
3060 0 0
3061 0 0
3062 0 0
3063 0 0
3064 0 0
3065 0 0
3066 0 0
3067 0 0
3068 0 0
3069 0 0
3070 0 0
3071 0 0
3072 0 0
3073 0 0
3074 0 0
3075 1 0
3076 0 0
3077 0 0
3078 0 0
3079 0 1
3080 0 0
3081 0 0
3082 0 0
3083 1 0
3084 1 0
3085 0 0
3086 0 0
3087 0 0
3088 0 0
3089 0 0
3090 0 0
3091 0 0
3092 0 1
3093 1 0
3094 0 0
3095 0 0
3096 0 0
3097 0 0
3098 0 0
3099 0 0
3100 1 0
3101 1 0
3102 0 0
3103 0 0
3104 0 0
3105 0 0
3106 0 0
3107 0 0
3108 0 0
3109 0 0
3110 1 0
3111 0 0
3112 0 0
3113 1 0
3114 0 0
3115 0 0
3116 0 0
3117 0 0
3118 0 0
3119 0 0
3120 0 0
3121 1 0
3122 0 0
3123 0 0
3124 1 0
3125 0 0
3126 1 0
3127 0 0
3128 0 0
3129 0 0
3130 0 0
3131 1 0
3132 0 0
3133 1 0
3134 0 0
3135 0 0
3136 0 0
3137 0 0
3138 0 0
3139 0 0
3140 1 0
3141 0 0
3142 0 0
3143 0 0
3144 0 0
3145 0 0
3146 0 0
3147 0 0
3148 0 0
3149 0 0
3150 0 0
3151 0 1
3152 0 0
3153 0 0
3154 0 0
3155 0 0
3156 0 0
3157 0 0
3158 0 0
3159 0 0
3160 0 0
3161 0 0
3162 1 0
3163 0 0
3164 0 0
3165 1 0
3166 0 0
3167 0 0
3168 0 0
3169 0 0
3170 0 0
3171 0 1
3172 0 0
3173 0 0
3174 0 0
3175 0 0
3176 0 0
3177 0 0
3178 0 0
3179 0 0
3180 0 0
3181 0 0
3182 0 0
3183 0 0
3184 0 0
3185 0 0
3186 1 0
3187 0 0
3188 0 0
3189 0 0
3190 0 0
3191 0 0
3192 0 0
3193 0 0
3194 0 0
3195 0 0
3196 0 0
3197 0 0
3198 0 0
3199 1 0
3200 0 0
3201 0 0
3202 0 0
3203 0 0
3204 0 0
3205 0 0
3206 0 0
3207 0 0
3208 1 0
3209 0 0
3210 0 0
3211 0 0
3212 0 0
3213 1 0
3214 0 0
3215 0 0
3216 1 0
3217 0 0
3218 0 0
3219 0 0
3220 0 0
3221 0 0
3222 0 0
3223 0 0
3224 0 0
3225 0 0
3226 0 0
3227 0 0
3228 0 0
3229 0 0
3230 0 0
3231 0 0
3232 0 0
3233 0 0
3234 0 0
3235 0 0
3236 0 0
3237 1 0
3238 0 0
3239 0 0
3240 0 0
3241 1 0
3242 0 0
3243 0 0
3244 0 1
3245 0 0
3246 0 0
3247 0 0
3248 1 0
3249 0 0
3250 0 0
3251 0 0
3252 1 0
3253 0 0
3254 1 0
3255 0 0
3256 0 0
3257 0 0
3258 0 0
3259 0 0
3260 0 0
3261 0 0
3262 0 0
3263 0 0
3264 0 0
3265 0 0
3266 0 0
3267 0 0
3268 0 0
3269 0 0
3270 0 0
3271 0 0
3272 0 0
3273 0 0
3274 0 0
3275 0 0
3276 0 0
3277 0 0
3278 0 0
3279 0 0
3280 0 0
3281 0 0
3282 1 0
3283 0 0
3284 0 0
3285 1 0
3286 0 0
3287 1 0
3288 0 0
3289 0 0
3290 1 0
3291 1 0
3292 0 0
3293 0 0
3294 0 0
3295 0 0
3296 0 0
3297 0 0
3298 0 0
3299 0 0
3300 0 0
3301 0 0
3302 0 0
3303 0 0
3304 0 0
3305 0 0
3306 0 0
3307 0 0
3308 0 0
3309 0 0
3310 0 0
3311 0 0
3312 0 0
3313 0 0
3314 0 0
3315 0 0
3316 1 0
3317 0 0
3318 0 0
3319 0 0
3320 0 0
3321 0 0
3322 0 0
3323 0 0
3324 0 0
3325 1 0
3326 0 0
3327 0 0
3328 0 0
3329 0 0
3330 0 0
3331 0 0
3332 0 0
3333 0 0
3334 0 0
3335 0 0
3336 0 0
3337 0 0
3338 0 0
3339 0 0
3340 0 0
3341 0 0
3342 0 0
3343 0 0
3344 1 0
3345 0 0
3346 0 0
3347 0 0
3348 0 0
3349 0 0
3350 0 0
3351 0 0
3352 0 0
3353 0 0
3354 1 0
3355 0 0
3356 0 0
3357 0 0
3358 0 0
3359 0 0
3360 0 0
3361 0 0
3362 0 0
3363 1 0
3364 0 0
3365 0 0
3366 1 0
3367 0 0
3368 0 0
3369 0 0
3370 0 0
3371 0 0
3372 0 0
3373 0 0
3374 0 0
3375 0 0
3376 0 0
3377 0 0
3378 0 0
3379 0 0
3380 0 0
3381 0 0
3382 0 0
3383 0 0
3384 0 0
3385 0 0
3386 1 0
3387 0 0
3388 0 0
3389 0 0
3390 0 0
3391 0 0
3392 0 0
3393 0 0
3394 0 0
3395 0 0
3396 0 0
3397 0 0
3398 0 0
3399 0 0
3400 0 0
3401 0 0
3402 0 0
3403 0 0
3404 0 0
3405 0 0
3406 0 0
3407 0 0
3408 0 0
3409 0 0
3410 0 0
3411 0 0
3412 1 0
3413 0 0
3414 0 0
3415 0 0
3416 0 0
3417 0 0
3418 0 0
3419 0 0
3420 0 0
3421 0 0
3422 0 0
3423 0 0
3424 0 0
3425 0 0
3426 0 0
3427 0 0
3428 0 1
3429 0 0
3430 1 0
3431 0 0
3432 0 0
3433 0 0
3434 0 0
3435 0 0
3436 0 0
3437 0 0
3438 0 0
3439 0 0
3440 0 0
3441 0 1
3442 0 0
3443 0 0
3444 0 0
3445 0 0
3446 0 0
3447 0 0
3448 0 0
3449 0 0
3450 1 0
3451 0 0
3452 0 0
3453 0 0
3454 1 0
3455 0 0
3456 0 0
3457 0 0
3458 0 0
3459 0 0
3460 0 0
3461 1 0
3462 0 0
3463 0 0
3464 0 0
3465 0 0
3466 0 0
3467 0 0
3468 1 0
3469 0 0
3470 0 0
3471 0 0
3472 0 0
3473 1 0
3474 0 0
3475 0 0
3476 0 0
3477 0 0
3478 0 0
3479 0 0
3480 0 0
3481 0 0
3482 0 0
3483 0 0
3484 0 0
3485 0 0
3486 0 0
3487 0 0
3488 0 0
3489 0 0
3490 0 0
3491 0 0
3492 0 0
3493 0 0
3494 0 1
3495 0 0
3496 0 0
3497 0 0
3498 0 0
3499 0 0
3500 0 0
3501 0 0
3502 0 0
3503 0 0
3504 1 0
3505 0 0
3506 1 0
3507 0 0
3508 1 0
3509 0 0
3510 0 0
3511 0 0
3512 0 0
3513 0 0
3514 0 0
3515 0 0
3516 0 0
3517 0 0
3518 0 0
3519 0 0
3520 0 0
3521 0 0
3522 0 0
3523 1 0
3524 0 0
3525 0 0
3526 0 0
3527 0 0
3528 0 0
3529 1 0
3530 0 0
3531 0 0
3532 0 0
3533 1 1
3534 0 0
3535 0 0
3536 0 0
3537 1 0
3538 0 0
3539 0 0
3540 0 0
3541 0 0
3542 0 0
3543 0 0
3544 0 0
3545 0 0
3546 1 0
3547 0 0
3548 0 0
3549 0 0
3550 1 0
3551 0 0
3552 0 0
3553 0 0
3554 0 0
3555 0 0
3556 0 0
3557 0 0
3558 0 0
3559 0 0
3560 0 0
3561 0 0
3562 0 0
3563 0 0
3564 0 0
3565 0 0
3566 0 0
3567 0 0
3568 0 0
3569 0 0
3570 0 0
3571 0 0
3572 0 0
3573 1 0
3574 0 0
3575 0 0
3576 0 0
3577 0 0
3578 0 0
3579 0 0
3580 0 0
3581 0 0
3582 0 0
3583 0 0
3584 0 0
3585 0 0
3586 0 0
3587 0 0
3588 0 0
3589 0 0
3590 0 0
3591 0 0
3592 0 0
3593 0 0
3594 0 0
3595 0 0
3596 0 0
3597 0 0
3598 0 0
3599 0 0
3600 0 0
3601 0 0
3602 0 0
3603 0 0
3604 0 0
3605 0 0
3606 0 0
3607 0 0
3608 1 0
3609 0 0
3610 0 0
3611 0 0
3612 0 0
3613 0 0
3614 0 0
3615 0 0
3616 0 0
3617 0 0
3618 0 0
3619 0 0
3620 0 0
3621 1 0
3622 0 0
3623 0 0
3624 0 0
3625 0 0
3626 0 0
3627 1 0
3628 0 0
3629 0 0
3630 0 0
3631 1 0
3632 0 0
3633 0 0
3634 0 0
3635 1 0
3636 1 0
3637 1 0
3638 0 0
3639 1 0
3640 0 0
3641 0 0
3642 0 0
3643 0 0
3644 0 0
3645 0 0
3646 0 0
3647 0 0
3648 0 0
3649 0 0
3650 0 0
3651 0 0
3652 0 0
3653 0 0
3654 0 0
3655 0 0
3656 0 0
3657 0 0
3658 1 0
3659 0 0
3660 0 0
3661 0 0
3662 0 0
3663 0 0
3664 0 0
3665 0 0
3666 0 0
3667 0 0
3668 0 0
3669 0 0
3670 0 0
3671 0 0
3672 0 0
3673 0 0
3674 0 0
3675 0 0
3676 0 0
3677 0 0
3678 0 0
3679 0 0
3680 0 0
3681 0 0
3682 0 0
3683 0 0
3684 0 0
3685 0 0
3686 1 0
3687 0 0
3688 0 0
3689 0 0
3690 0 0
3691 0 0
3692 0 0
3693 0 0
3694 0 0
3695 0 0
3696 0 0
3697 0 0
3698 0 0
3699 0 0
3700 0 0
3701 0 0
3702 0 0
3703 0 0
3704 0 0
3705 0 0
3706 1 0
3707 0 0
3708 0 0
3709 0 0
3710 0 0
3711 1 0
3712 0 0
3713 0 0
3714 0 0
3715 0 0
3716 0 0
3717 0 0
3718 1 0
3719 1 0
3720 0 0
3721 0 0
3722 0 0
3723 0 0
3724 0 0
3725 0 0
3726 0 0
3727 0 0
3728 0 0
3729 0 0
3730 0 0
3731 1 0
3732 0 0
3733 0 0
3734 0 0
3735 0 0
3736 0 0
3737 0 0
3738 0 0
3739 0 0
3740 0 0
3741 0 0
3742 0 0
3743 0 0
3744 1 0
3745 0 0
3746 0 0
3747 0 0
3748 0 0
3749 0 0
3750 0 0
3751 0 0
3752 0 0
3753 0 0
3754 0 0
3755 0 0
3756 1 0
3757 0 0
3758 1 0
3759 0 0
3760 0 0
3761 0 0
3762 0 0
3763 0 0
3764 1 0
3765 0 0
3766 0 0
3767 0 0
3768 0 0
3769 1 0
3770 0 0
3771 0 0
3772 0 0
3773 0 0
3774 0 0
3775 0 0
3776 0 0
3777 0 0
3778 0 0
3779 0 0
3780 0 0
3781 0 0
3782 0 0
3783 0 0
3784 1 0
3785 0 0
3786 0 0
3787 0 0
3788 0 0
3789 0 0
3790 0 0
3791 0 0
3792 0 0
3793 0 0
3794 0 0
3795 0 0
3796 1 0
3797 1 0
3798 0 0
3799 0 0
3800 0 0
3801 1 0
3802 1 0
3803 0 0
3804 0 0
3805 0 0
3806 0 0
3807 0 0
3808 1 0
3809 1 0
3810 0 0
3811 0 0
3812 0 0
3813 0 0
3814 0 0
3815 0 0
3816 0 0
3817 0 0
3818 0 0
3819 0 0
3820 0 0
3821 0 0
3822 0 0
3823 0 0
3824 0 0
3825 0 0
3826 0 0
3827 0 0
3828 0 0
3829 0 0
3830 0 0
3831 0 0
3832 0 0
3833 0 0
3834 0 0
3835 0 0
3836 0 0
3837 0 0
3838 0 0
3839 0 0
3840 0 0
3841 0 0
3842 1 0
3843 0 0
3844 0 0
3845 0 0
