head_type relation_type node_type representation
1 0 2 -0.1163251 0.023281053 -0.083418064 0.021589065 -0.072950594 -0.018936997 -0.11990321 0.022934696
1 1 3 -0.11158845 -0.047777344 -0.081436865 0.019118248 -0.000370256 -0.021533947 -0.1249704 -0.09549494
3 10 1 -0.019238321 -0.04115196 -0.12044991 0.05700755 -0.00444458 -0.009656081 -0.07804657 0.014930964
2 9 1 -0.10577082 -0.008553196 -0.060968157 0.040235702 -0.06685134 -0.07913249 -0.11110586 -0.10135194
4 11 1 -0.034323137 0.029298043 -0.06816711 0.085450664 0.029847395 -0.036754325 -0.01999176 -0.054233506
1 2 4 -0.026868291 -0.06096833 -0.0851624 0.07534767 -0.08895807 -0.013993889 -0.08341517 0.007423649
1 3 5 -0.09580549 0.042043615 -0.07456916 0.050309453 -0.08857939 -0.06201863 -0.20047519 -0.052064218
1 4 6 -0.0601993 -0.013334509 -0.017700415 0.02530798 -0.08271288 0.004649115 -0.07118303 0.023819856
6 12 1 -0.08321607 -0.021713985 -0.050975636 0.04553812 -0.00019447268 0.009817904 -0.106255904 -0.011298672
6 13 1 -0.11834658 -0.07310334 -0.09666364 0.0117276 0.012036893 -0.10950832 -0.060672767 -0.04503485
5 12 1 -0.089026436 -0.013499383 -0.05036311 0.001286452 -0.0051997285 -0.070015386 -0.08353241 -0.05697375
1 3 6 -0.01432869 -0.06673007 -0.10199418 0.056469847 -0.047336627 -0.0075056744 -0.087668166 0.015013883
1 7 1 0.028911188 -0.029892089 0.030155698 0.05897523 0.052049372 0.029845808 0.01928561 -0.053045947
1 14 1 -0.051253334 0.040556252 -0.10466914 0.041515093 0.005102444 0.013572804 -0.110111095 -0.046580236
1 16 1 -0.06043462 -0.041994695 -0.05795002 0.0115466835 -0.03420835 0.04430163 -0.032394372 -0.019280406
1 5 1 -0.05968323 -0.011352455 -0.12103175 0.0847114 -0.033105984 -0.042814787 -0.226569 -0.016693458
4 17 1 -0.055694424 -0.036718868 -0.11690138 0.039411232 -0.08995925 -0.033031724 -0.115802914 -0.089862205
1 8 4 -0.104705125 -0.014579279 -0.08632922 -0.012826416 0.026164163 0.018603962 -0.08970709 0.0026058964
1 3 4 -0.10662657 -0.029119847 -0.027775984 0.06790959 -0.052529424 -0.08257743 -0.12838818 -0.05654505
1 4 4 -0.097561866 -0.0030514032 -0.082205236 0.06344213 -0.113255724 -0.09975465 -0.11871843 -0.055952787
4 13 1 -0.100554906 -0.07278593 -0.06069409 0.053205673 -0.041404646 -0.06197007 -0.11362099 0.020595603
4 12 1 -0.049827687 -0.05437006 -0.08283102 0.062052034 0.02033096 -0.0020226662 -0.08712294 0.016663464
5 13 1 -0.0021041976 0.022968765 -0.0735208 0.0022732299 0.020105248 -0.034511916 -0.05593856 0.0014364952
1 4 5 -0.10471803 -0.042754248 -0.032001942 0.096583724 0.007500119 -0.09446504 -0.10838488 -0.05065046
1 6 8 -0.02299366 0.0027282904 -0.11132838 0.02481987 -0.089262724 -0.026591243 -0.15128446 -0.08320564
8 15 1 -0.054946236 0.0015748116 -0.046205543 0.013430113 -0.05590919 -0.10367955 -0.15061904 -0.07605565
6 17 1 -0.058807127 0.0019514885 -0.17845395 0.10278723 -0.07269672 -0.014952265 -0.09775738 -0.091037795
6 11 1 -0.16894914 0.006381628 -0.2441618 0.078052126 -0.08585189 -0.098840125 -0.16909274 -0.1035264
1 2 6 -0.074062444 -0.033671558 -0.13604848 0.06719219 -0.034398858 -0.030640762 -0.11666216 -0.018662842
1 8 6 -0.019013675 -0.058677685 -0.10368624 -0.018754127 -0.018404933 -0.036121983 -0.022356234 -0.029293405
1 8 7 -0.0666921 -0.009427346 -0.14182751 0.027138516 -0.09566321 -0.04294208 -0.13622077 -0.028187666
7 17 1 -0.074912585 -0.048303194 -0.030574577 0.045097623 -0.014965333 0.0064233 -0.07752125 -0.045464303
7 11 1 -0.11555849 -0.051525224 -0.07899871 0.07377787 -0.09161103 -0.052713137 -0.06394933 0.021048868
1 2 7 -0.05854867 -0.05251336 -0.09645847 0.0050194818 -0.045552947 -0.08774358 -0.03740765 -0.036458638
1 5 9 -0.1694216 -0.02975685 -0.141322 0.09284387 -0.089744665 -0.058335036 -0.2613347 -0.07091262
9 14 1 -0.08704166 -0.011237091 -0.20329152 0.035483133 -0.04592227 -0.06561316 -0.25155002 -0.025436614
1 2 5 -0.11475296 -0.022129862 -0.1349809 -0.0032106254 -0.07808998 -0.06155884 -0.12679522 0.007454455
5 11 1 -0.01806444 -0.02006994 -0.0817769 -0.03189914 -0.058165204 0.0014615423 -0.093389 -0.020785782
1 3 7 -0.10289612 -0.016368313 -0.08859843 0.09017263 0.008004032 -0.054972615 -0.15833777 -0.08823924
7 12 1 -0.014154865 0.01301361 -0.043374278 0.022090372 -0.060788214 -0.0013321581 -0.13855937 0.02553134
1 4 7 -0.018534692 0.021054106 -0.08253638 0.013609987 -0.07144724 -0.037928678 -0.06027253 -0.02115464
7 13 1 -0.08658243 -0.0017574249 -0.08609077 0.07180816 0.02985277 -0.0049606888 -0.08361897 -0.016289856
5 17 1 -0.05194342 0.010759969 -0.09517769 0.07406083 -0.032791518 0.0048799445 -0.04587091 0.018565394
1 8 5 -0.12633073 -0.02377427 -0.10117049 0.031771515 -0.0550723 -0.03732783 -0.15749806 -0.024064403
