0 32 20 21 22 23 24 25 26 27 28 29 30 31
2 36 39 40 41 42 43 24
3 44 45 47 49 50 51 53 56 57
4 64 67 69 70 71 59 60 61 62 63
5 72 75 76 77 78 81
6 66 72 75 83 85 87 88 91
7 96 97 98 99 101 103 93 94
8 104 105 106 107 44 108 111 113 51 114 55
9 79 116
10 96 100 43 119 120 121 122 123 124 125 126
11 128 129 130 131 132 134 135 136 137 74 79 55 127
12 138 140 141 142 144 145 146 147 148 149 150 152 153
13 160 161 162 163 164 165 166 53 154 155 156 157 158 159
14 131 167 168 169 170 171 172 173 174 175 176 178 179 180 181 183 98
15 133 137 184 185 186 187
16 192 193 194 36 188 189 190
17 195 196 198 199 201
18 130 132 135 74 203 204 205 79 206 177 207 184 185
19 102 208 209 210 211 212 214 215 216 217 218 219 125
20 224 225 34 226 227 228 229 52 221 222 223
21 230 231 233 234 235 236 110
22 130 135 73 74 75 237 238 80 239 87
23 3 241 242 243 244 245 246 247 248 250 251
24 40 104 187 252 253 254 255
25 256 259 260 261 262 263 264 265 26 28
26 130 135 266 47 185
27 133 171 267 268 269 79 270 55
28 227 13 271 272 273 274 275 276 277 254
29 96 44 210 52 278 279 280 281 283 221
30 288 289 34 290 291 165 40 42 253 287
31 36 292 293 294 295 296 297 52 221 191
32 298 299 300
33 199 267 301 302 47 208 303 210 304 305
34 306 307 308 309 310 311 313 314 316 317 318
35 119 293 118
36 320 321 322 323 324 325 326 327 328 319
37 329 331 332 333 334 335 336 337 338 339 340 341 342 344 345
38 346 347 348 349 350 351
39 352 353 355 133 41 45 55 252
40 96 357 358 359 360 361 46 22 118 24
41 34 7 362 109 250
42 135 171 202 204 363 364 81 365 366 367 368 369 87 370 371 372
43 134 171 363 79 80 373 374 87 184 185 375
44 377 74 79 185 378 254 127
45 66 145 381 379 61 254
46 384 385 386 78 16 54 382
47 387 36 293 105 389 390 391 392 46 52 55
48 36 325 393 42 395 209 242 346
49 325 396 397 398 399 208 400 402 403 218
50 130 132 72 74 404 87 120 127
51 407 132 133 72 237 406 87 408 409 410 127
52 411 412 414 415 416 417 418 419 420 421 422 423 425 426 52 70
53 37 391 105 427 428 109 46 429 430
54 105 364 302 303 431 432 118 185
55 98 377 206 79 433 434 437 184
56 96 448 100 446 72 443 438 439 440 441 442 444 445 286
57 33 45 450 451 453 454 455 456 457 458 459 460 461 462 463 464
58 36 165 466 468 469 470 471 472 473 61
59 354 43 52 24 474 475 476 445 478 479
60 480 481 141
61 482 67 483 485 486 488 489 490 491
62 96 493 494 208 495 210 119
63 257 227 260 503 487 496 498 275 499 500 501 502
64 130 73 77 81 87 58 507
65 128 512 513 514 515 517 518 519 521 156 422 508 509 510 511
66 36 295 392 522 107 523 524 525 526 527 528 529 530
67 535 42 241 242 531 532 245 533 534 536 537 250 285
68 66 98 74 80 117 22 538 539 540 254 127
69 257 541 545 546 441 13 25 28 221 543
70 547 549 550 551 552 553 171 555 556 557 558 559 126
71 130 133 102 47 560 561 376
72 563 564 565 566 93 95
73 133 391 40 105 136 107 528 567 568 570 571 573
74 578 580 581 582 460 119 314 155 220 575
75 134 584 75 76 206 79 399 55
76 586 587 588 303 208 212
77 70 590 591 592 593 594 597 598 599 602 603 604 606
78 159 608 610 611 612 613 102 615 617 619 620 111 621
79 640 641 642 643 644 645 646 36 44 622 623 624 625 626 628 629 630 631 632 633 634 635 636 637 638 639
80 36 325 647 242 52 347
81 34 648 649 650 651 652 653 654 655 656 210 242 474 252 221
82 96 208 432 657 213 659 218 125
83 66 132 74 81 115 372 661 185 127
84 163 453 614 663 511 48 54 151 664 666 669 670 159
85 96 267 301 46 47 303 671 118 91 127
86 672 673 674 675 133
87 275 541 546 677 678 679 680 681 682 683 684 685 686 688 224
88 98 72 74 80 690 693 535 184
89 105 111 53 695 696 670 223
90 700 135 77 206 118 87 185 698 699 572 127
91 74 399 81 52 87 26 701 702
92 704 705 706 707 165 708 711 107 523 46 208 703 575
93 78 80 538
94 96 708 105 45 112 55 187 572 445
95 133 712 686
96 96 102 199 713 714 78 303 52 184
97 608 67 715 716 717 718 154 670
98 96 46 720 498 55 24 445 287
99 325 42 302 78 305 722 723 725 726 188
100 196 197 519 733 460 689 731 727 728 729 155 156 509
101 736 737 102 155 734 735
102 97 738 739 325 740 242 52 151 250 475
103 7 12 34 42 325 742 743 744 745 746 747 748 749 750 751 752 753
104 105 754 756 757
105 96 66 99 101 759 78 79 760 566 87 761 762 93
106 768 769 770 100 107 46 528 767 155 764 763
107 96 771 772 776 52 245 250 285
108 36 40 105 777 191
109 774 779 780 781 782 783 784 785 786 787 788
110 128 795 418 794 797 789 790 791 601 793 507 796 157
111 96 257 259 798 499 116 799 28 191
112 96 800 802 493 216 477
113 289 804 805 806 42 459 655 209 242 211 531 245 285
114 96 352 135 808 137 809 270 399 81 377
115 96 134 171 364 560 126
116 160 810 811 812 813 814 815 816 817 818 819 820 150
117 528 821 822 823 826 827 187 703 199 208 210 361 119
118 96 100 133 118 119
119 829 828 133
120 41 80 115 831 118 188 830 63
121 834 835 754 118 504
122 837 839 715 48 114 252 542 159
123 104 137 377 842 79 185 378 91 254
124 66 75 237 372 373 87 378 91 127
125 855 843 844 846 847 848 849 850 851 852 309 854 856 510
126 130 131 261 135 206 79 87 127
127 75 171 364 206 79 81 118 87 377 254
128 98 135 73 77 79 373 374 87 185 698
129 0 98 4 446 72 13 237 334 254 185 859 860 861 126
130 98 132 133 74 79 80 377 862
131 472 399 22 863 24 61 127
132 96 870 872 873 874 427 55 118 119 126
133 516 105 46 878 48 54 57 154 159
134 450 36 879 880 881 221
135 257 617 887 882 307 883 277 884 885 886 888 891 889 799
136 896 90 892 893 894 191
137 897 899 77 81 87
138 900 137 777 75 78 115
139 98 135 75 79 373 566 87 758
140 133 134 901 902 74 237 79 47 87 254 127
141 903 904 906 908 909 910 912 913 914 157 165 733 361 109 508
142 772 915 254 126
143 916 917 87 699
144 41 45 80 560 917 918 188
145 772 102 78 46 79 206 52 919 920 921 922 923
146 928 929 930 35 293 104 42 655 756 54 55 27 924 126 927
147 931 102 7 871 302 47 242 564
148 932 934 935 936 938 939 941 942 943 944 945 277
149 36 37 133 391 109 46 52
150 36 805 947 948 949 55
151 832 954 98 137 75 206 79 238 373 950 951 184 90 952
152 352 66 385 137 74 43 268 81 52 27 956 957
153 100 870 968 969 970 971 972 973 654 974 975 17 211
154 900 134 79 976 721 977 978 863
155 674 988 979 981 982 983 984 377 987
156 42 45 495 990 154 159
157 997 1000 44 527 879 529 54 475 221
158 513 517 163 422 187 196 708 1003 1004 1005 1006 111 1007 1008 1009 1010 508 509
159 481 199 393 654 242 1012 1013
160 133 199 46 111 52 55 57 572 413
161 36 356 199 72 105 361 46 1014 187 765 190
162 36 102 105 46 302 188
163 41 52 1017 1018 1019
164 66 473 979 377
165 196 105 107 878 111 16 498 54 55 1020 799
166 289 930 100 42 362 109 654 657 1021 52 245 250 507 285
167 1024 289 996 42 395 941 655 879 945 211 217 1023
168 96 1025 1026 808 528 118 89 765
169 928 1027 35 1028 1029 1030 1031 1032 1033 1034 308
170 476 60 477
171 548 1035 1036 1038 1040 1041 1042 1043 1044 893
172 36 883 277 1045 252 445 286
173 34 36 883 1049 24 1048 1050 1051 126
174 1056 257 1057 1058 1059 1060 650 1053 118 24 221 1054
175 1025 376 772 1061 714 52 184
176 257 34 483 36 1062 498 23 191
177 96 1063 712 109 210 118 119 221 286
178 1064 1066 1067 1070 1071 276 798
179 37 332 1073 20 245 52 474 956
180 1075 35 1076
181 131 36 357 1082 137 1078 1079 24 1080 1083
182 36 462 1039 1087 854 56 474 1085 1086 223
183 1088 1089 1090 1091 105 141 52 151
184 1092 133 293 1093 105 523 109 110 46 52 118 765
185 770 325 776 1098 1099 46 210 212 823 219 124 286
186 36 1105 1106 1107 30 191
187 555 300 1109 1110 1111 1114
188 740 1115 505 242 217 219 1116 1117 446 1118
189 1120 1121 1122 303 208 214 118
190 1124 1125 1128 1129 1130 1131 1132 1134 1135 305 1015 219
191 97 577 770 199 1100 47 303 1136 1137 659 118 254
192 46 1138 1139 1140 863 474 187 252 223
193 382 72 906 302 378 305 1141 1142 1143 1145 90 1144 254
194 1152 545 325 7 393 395 12 1146 1148 1149 1150 1151
195 1153 1154 133 74 75 171 79 81 115 118 87
196 192 52 445 254
197 129 4 1157 41 44 13 528 118 445
198 1158 1159 1161 1162 1164 1166 532 535 536 806 347 242 243 250
199 96 36 581 102 52 119 597 60
200 897 538 380
201 1168 1169 1170 1171 1172 1173
202 359 295 231 80 498 275 1174 1175 1177 891 445 767
203 932 1094 53 1179 541
204 224 771 36 303
205 96 772 41 714 79 114 754 118 89 1180 286 95
206 1183 1092 105 109 46 55 154 1182 607
207 1188 75 237 79 951 87 184
208 608 257 498 883 277 85
209 581 395 218 220
210 376 134 135 79 184 185
211 98 99 101 1190 761 566 87 184 377 127
212 196 1192 297 1193 1194 51 53
213 128 968 1195 1196 77 1197 47 87 540 126 223
214 267 78 1198 115 87 126
215 98 132 135 72 80 81 1201 87
216 74 77 81 692 1204 1205 87 1206
217 96 267 1208 55 376 1207 861 254 127
218 67 1209 74 107 426 601 1210 1211 1212 735
219 1216 289 34 1215 36 1217 7 42 655 211 250 1213 1214 927
220 386 1219 389 136 45 52 55 126
221 354 36 105 109 46 111 53 57 571 221
222 450 1220 1221 1223 109 947
223 98 404 118 376
224 34 1225 42 1226 1227 109 654 755 1118
225 73 75 77 1229 115 372
226 131 72 104 137 237 957 117 24 252 413
227 1153 133 46 1230 52 125 118 55 920 61 190
228 808 1040 1238 1239 1240 1241 1242 1243 575
229 98 131 135 72 73 78 919 274 87 185 1244 1245
230 96 802 772 808 714 79 47 303 210 118 1082 1246
231 1248 1249 1247 1250 36 1251 936 42 362 426 53 191
232 1252 325 1253 1254 105 1256 46 1183
233 832 385 98 131 132 1218 137 1257 1258 184 185
234 859 134 104 171 364 237 1259 1260 52 918 88 539 61 63
235 1261 1262 1263 210 920
236 486 582 460 1265 52 475 155
237 75 1259 45 1260 80 1266 87 61
238 0 8 13 15 307 329 330 331 332 333 971 337 343 344 345 1267 1268 1269 1270 1271 1273
239 133 73 74 79 919 915 184 1274 254
240 673 130 897 558 176 438 1278 1275 1276 1277 126 1279
241 96 1281 1282 102 136 906 1098 494 303 208 376
242 450 1029 1285 1286 1287 1288 1290 1292 947 1147 924 286
243 257 544 1057 1293 1294 879 442 499 276 1278 28 542
244 192 261 38 1295 1296 118
245 1283 165 102 776 1012 119 286
246 354 385 37 133 41 499 252 190
247 130 110 78 115 184 185 1018 91
248 740 1299 1301 1302 542
249 96 36 659 1303 60 253
250 770 107 764
251 135 73 171 363 206 79 1201 1202 87 184
252 96 128 802 1313 1030 589 302 406 119 1310 1311
253 66 1314 1315 1316 1199
254 257 1318 109 13 498 445
255 35 197 934 1320 13 14 333 1321 857 57
256 96 1322 1323 399 377 254
257 1261 302 303 398 212 1172 118 218
258 36 358 1324 1325 110 1326 1328 275 22 863
259 96 241 1329 1330 1331 1332 190
260 34 1249 228 36 362 52 1333 1334
261 483 261 844 1338 80 20 21 1336 1337 474 1339
262 1063 119 1340 1341 286 575
263 96 133 134 52 250 1022
264 66 98 133 74 77 399 115 117 373 87 127
265 1345 1346 1347 102 1349 1350 1351 52 278 286
266 96 36 133 102 136 105 107 235 78 46 80 52 118 55
267 1352 361 1354
268 1355 1356 1357 1358 79 1359 1360 1361 184 185 382
269 34 362 109 1362
270 102 681 1363 1365 1366
271 200 52 406 1369 1370 1371 1372 1373 1374 1375
272 36 392 941 242 52 347 1148
273 1376 1377 1379 1380 1382 1383
274 163 1253 615 1385 1386 1387 1388 1389 53 863 695 159
275 78 47 1391 1392 1394 1395 1396 280 61
276 133 41 105 46 399 1397 1398 1399 1400 190 863
277 1253 43 1402 347 188 190
278 194 171 235 528 55 188
279 66 131 135 73 75 1403 126
280 36 325 102 138 1103 788 55 187
281 354 36 37 1315 136 878 1405 277 1404 445 1407
282 96 133 135 74 75 80 118
283 1408 227 1001 332 13 116
284 200 1234 21
285 36 1224 210 242 243 217
286 128 1409 1410 1411 1412 1413 72 137 361 1414 237 80 378
287 1218 838 1415 1416 1417 235 821 22 572
288 99 1316 1419 1420 1421 78 1199 566 758 93
289 4 5 806 15 241 217 1117
290 1122 1186 41 1423 1424 52 118 699 700
291 96 105 1259 46 80 118 55 863 127
292 96 545 738 1184 46 655 1425 1426 1427 1428 119 125 543
293 1431 36 556 52 949 1430 1434 1435
294 128 356 235 267 979 87 1436 127
295 1262 826 827 1437 1438
296 902 8 147 22 1439 1440 1441 1442 1443 1444 681 939 307 53 184 329 332 988 110 886
297 1445 325 1446 1447 1167 216 126
298 128 1344 136 1448 1450 77 206 1451 80 1452 210 118 376
299 1216 36 1445 42 747 1453 1454 241 348 250 284
300 0 5 6 331 460 1422 1455 1456 341 1275 732 478
301 135 399 560 917 127
302 1408 98 130 137 1258 268 270 1457 185
303 105 1458 1459 1460 280 859 254
304 385 132 72 1257 74 236 237 52 117 1461 55 252 127
305 171 78 1199 437 87 185 538
306 1463 923 267 1230 399 372 1462 919 91 254
307 134 75 77 399 863 55 63
308 96 1185 66 98 78 1465
309 96 740 392 523 652 46 1103 52 190
310 551 41 171 45 115 118 87 1468 1469 126
311 96 35 196 197 118 438 24 729 474 187 253 1470 1471
312 1474 3 1475 1150
313 1330 1476 36
314 98 134 135 73 77 79 81 185 538
315 1026 1477 1478 1479 126 127
316 962 1483 1484 1485 1486 314 508 510
317 36 295 765 107 46 1487 1488 52 24 474 221 190
318 241 210 1491 1489 1490
319 1495 293 1492 277 1493
320 708 359 141 46 1138 1496 572 413
321 102 134 295 105 392 46 47 114 1174 55 861 863
322 1248 118 1497 1498 216
323 863 87 184 1499 1500 127
324 1097 1503 460 589 303 111 1175 1501 1502 863
325 385 72 171 237 79 87 88 539
326 1504 1409 133 1258 301 78 79 434 184
327 1505 131 133 135 80 22 184 377 538
328 134 79 374 184 185
329 98 1506 77 1200 87 185 127
330 137 80 55 538
331 1507 303 304 215 187 1503
332 1508 293 517 295 1509 1511 460 187 1138 1237 57
333 35 486 360 1512 1513 1514 1100 1515 1516 1136 1496 442 158
334 1352 1518 1519 497 498 275 500 1521 1277 30
335 442 1522
336 171 87 377 127
337 102 78 1523 1524 1525 118 55
338 1342 738 392 210
339 608 864 35 36 297 48 471
340 1374 867 1534 1514 1105 1530 1531 1532 1533 958
341 1536 1537 196 36 516 615 1416 362 1514 1535 53 888 155 156 735
342 833 1538 1539 1540 906 46 47 528 119 920
343 224 1541 1542 1543 104 1544 1546 462 223
344 105 106 1257 1547 46
345 353 37 133 1098 1549 1550 80 22 90
346 577 754 659 476 445
347 100 133 38 1551 756 53 505
348 26
349 674 232 377 79 399 22 185 538
350 1552 241 1553 476
351 1248 535 7 1224 42 300 657 242 211 245 55 1175 250 347
352 96 897 36 145 435 52 118
353 135 72 73 77 81 115 1557 87 127
354 20 1559 1560 1561 1562 1565 157 417 419 1568 1569 357 1000 1516 1407
355 859 1570 37 133 392 41 75 235 1324 270 366 57 91 252 254
356 96 98 557 78 118 184 185
357 1571 1445 102 1572 1573 1575 651 236
358 418 295 1576 137 361 1578 45 110 1579 1235 1337
359 1551 544 673 800 1580 1582 1584 55 442 1471 217 96 100 740 1518 1276 1277
360 98 135 72 171 77 80
361 96 577 304 1588 118 60
362 102 232 45 78 276 1590 1591
363 1592 141 47 302 276 118 280 1593 1594 252 1503
364 1185 36 1254 1424 1399 1016 1595 1597
365 96 325 1189 393 52 216
366 192 1600 356 357 13 275 883 1598 1599
367 0 320 4 1348 13 334 654 887 857 858 1051 860 254
368 418 36 523 114 279 57 155
369 832 134 377 74 75 47 560 434 115 185 254 127
370 130 1602 361 74 363 79 919 184 185 859 254
371 802 1603 776 52 87
372 393 36 325 1276
373 98 1315 4 1604 1605 1606 136 1607 1608 1609 973 47 80 185
374 96 102 1610 1261 494 47 1262 210 1363 1172 1589 1115
375 128 135 74 1258 1612 1613 1232 1614 117 1557 87 127
376 34 930 36 1476 42 362 879 1616 531
377 131 356 484 611 295 107 1517 1617 275 852 1618 1619 1079 1620 1080
378 388 523 46 697
379 389 41 117 55 126 127
380 266 301 305 1621 1622
381 96 128 70 1623 1624 87 120 601 1626 1627 1629 1630
382 1632 134 267 46 1230 1631 467 895 863 471 1461 127
383 1633 136 74 75 560 1011 127
384 98 133 134 171 76 79 374 87 863 185 63
385 98 131 134 171 78 184 254 127
386 776 155 928 35 677 308 729 1502 1635 1636 1638 1639 1640 1641 1642 1643 1644 1646 1647 1010
387 353 37 72 75 237 87
388 163 1128 106 235 236 511 48 1649 1556 190 159
389 192 130 73 1258 77 1202 1652 373 87 538 253
390 1057 37 1654 1656 1657 1658 1659 1660 1661
391 385 1091 134 135 74 75 87 127
392 257 1665 1666 133 1668 26 445 189 191
393 1669 40 1670 654 213 119 250 347
394 98 376 75 206 79 80 118 87 184 185 538
395 1671 1672 24 155 158 928 35 165 38 196 198 200 462 478 353 483 1136 1530
396 102 136 1673 1547 1675 1589 280 507 1502
397 161 257 265 1353 1676 26 1660
398 257 1678 1679 496
399 96 102 105 267 46 1103 114 242 52 756 188
400 96 133 427 210 52 119 920
401 7 1687 9 1681 242 1554 1682 125 1683 1684 1686 1148
402 163 196 676 1543 617 362 1326 886 1688 1689 1467
403 708 197 199 776 1503 302 303 494 280 1690 863
404 1345 354 105 1327 55 567 922 1692 1693
405 1504 98 238 79 915 88 1694 1695
406 4 6 10 11 17 799 1698 1699 1700 971 333 498 1267 1269 1272 1273
407 128 790 794 795 796 1702 1703 1704 1705 1706 1707 1708 1709 1710 1711 67 70 1623
408 516 517 154 155 158 295 1712 1586 53 54 56 703 704 1088 196 616 508 878 111 764
409 131 356 293 1713 852 22 55 24 507 221 766
410 74 13 270 1133 1714 1715 1716 445
411 36 1719 42 1720 624 21 1718 632 1721 635
412 961 676 4 964 1639 1640 393 1722 1723
413 354 36 499 1045 438 1046 445 1726
414 1728 33 1729 195 200 508 1727
415 928 97 36 1731 7
416 929 34 451 228 36 1732 1734 362 1140
417 96 1736 267 78 79 80 87 184 185 538
418 36 141 788 26 30 191
419 354 109 863
420 3842 3843 3844 3845 2572 541 546 676 678 933 2858 307 320 960 224 226 227 356 1269 887 1271
421 35 196 100 1739 460 684 975 1740 498 307 24 1338 732 286
422 1185 1186 171 1424
423 681 42 777 1743 1744 243 244 1746 1747 250 126
424 36 1502 107 46 47 114 118 155 989
425 805 242 788 1748 1749
426 391 1036 109 493 438 155 1311
427 133 787 20 52 1750 727 1752 252
428 1416 681 557 719 48 1753 670
429 195 1583 895 729 442 60 1277 478 447
430 105 1758 46 697 55 571 187 764 1757 190 1759
431 354 388 293 389 392 109 46 766 112 1103 54 55 190
432 1760 80 114 87 472 539 126
433 1761 1763 1764 1766 1767 1768 1769 1770 1771 1772 1774 49
434 608 353 681 554 1775 799
435 36 42 1166 1776 1778 1395 285 126 286
436 377 74 171 79 919 185 542 127
437 964 36 111
438 1185 98 130 135 1258 80 118 55 376
439 385 134 809 1418 75 1780 1781 1782 1784 1785 1786 1788 1787 127
440 96 1312 100 261 356 358 80 1234 1790 1791
441 293 389 391 712 45 46 528 56 188
442 96 738 293 107 46 47 696 55
443 66 131 77 80 433 87 126 127
444 102 105 941 1133 1261 1172 920 219
445 133 135 81 118 87
446 257 1795 260 1796 1529 1105 275 25
447 131 104 137 187 413 254 127
448 1797 102 1798 118 55 473 858 190
449 20 52 729 155 476 254
450 229 325 197 1801 1802 1803 1389 1804 1805 1662
451 135 1244 87
452 66 98 1806 115 951 377
453 608 391 105 523 1807 60 190 286
454 36 105 141 1808 1617
455 545 104 1608 78 46 1809 915 55 126
456 34 36 522 1810 147 788 1811 346 991
457 715 1812 1814 56 1817 511
458 96 227 1818 445 30
459 132 72 137 74 238 79 406 951 184 185 1820
460 66 206 79 560 87 1821 830
461 3 4 36 42 332 13 334 337 1268 277 1303 126
462 134 74 79 538 91
463 41 77 590 80 117 58 127
464 1315 446 245 126 127
465 800 196 155 156 1822
466 832 41 171 267 79 254 127
467 1824 66 135 72 237 87 539
468 1825 1412 361 171 78 538 87 376 442 254 127
469 36 102 47 304 184 185
470 227 4 1827 1828 104 1829 46 118 1691
471 1345 1348 1830 1832 1833 1834 1836 1837 46 1838 1051
472 290 1839 1840 1841 1843 1844 1845 1846 1847 1848
473 96 209 210 1297 52 118
474 96 2 1346 507
475 1536 36 228 105 109 111 210 57 442 765
476 800 100 43 653 1262 210 217
477 1851 388 1853 1855 46 1854 53 54 55 118 413 766 767
478 1856 1857 1858 473 79 47 916 118 87 184 185 860 254
479 512 1859 1860 1861 422 105 695 715 111 878 1678 23 55 508
480 1315 933 102 902 1862 1863 304 915 277 254
481 163 422 295 1865 852 56 1081 187 508 510
482 66 130 135 206 560 185
483 477 1321 241 245 285
484 227 1828 1866 43 1867 13 498 915 24 442 1341
485 96 776 714 1868 45 46 47 301 1869 1870 1172 282 219 1180
486 608 36 105 235 141 46 112 1874 1875 1876 764
487 352 802 199 302 303 47 210 756
488 128 771 899 102 998 105 755 52 1877
489 66 135 137 233 1258 117 374 698 923 957
490 36 1734 1362 1491 1878 1533
491 192 137 1385 1545 1821 1880 854 55 918 1881 1882 1725
492 135 267 1324 78 79 206 185 538 698 127
493 102 713 266 714 301 46 302 303 305 52 920
494 1601 558 662 1142 1884 893 1886 383
495 135 72 73 80 445
496 74 1230 80 830 437 1397 377 538 126 1887
497 36 41 52 542
498 1888 363 1199 52 758 698
499 1889 130 1890 135 377 74 80 374 376 185
500 1057 1411 1891 1892 1893 118 120 474 445
501 1894 104 882 499 277 22 1174 1493 25 799
502 36 1895 1397
503 35 293 40 46 114 22 24 286
504 355 1031 1897 1804 213 1078 1496 1020 1021 926
505 1122 133 43 1899 45 494 47 1651 118 126
506 34 36 740 9 42 1290 1900 1901 1902 1903 242
507 1664 36 228 388 105 765 939 109 1105 157 223
508 1 3 996 1029 9 42 12 749 1904 1905 18 1906 1907 1146 1148
509 608 1812 1908 1909 1214
510 1445 42 242 788 1910 216
511 47 1777 210 1911 118 55 154
512 576 1914 1915
513 66 132 177 404 87 1916
514 1920 1921 72 237 1549 81 88 1918 1919
515 1922 1923 708 261 165 358 1197 50 442
516 1924 8 15 1311 675 1315 443 1608 329 332 972 334 335 973 337 1374 126
517 755
518 36 1926 1927 1928 52
519 257 4 356 295 1929 107 883 1175 190 223
520 1930 1931 1933 1934 1935 1936 1937 1938 1939 419 1711 1202 1207 58 192 1228 77 1613 1232
521 672 232 1325 1940 1941 1439
522 1191 145 147 785 1942 1943 1944 1946 1947 1948
523 161 293 1257 1949 858 275 22 26 221 1950 445
524 354 8 1807 336 1267 1493 345
525 106 511 111 16 48 1650 1556 282
526 1952 161 353 72 74 492 46 52 221
527 1259 1231 80 87 830
528 1955 70 807 1958 1624 590 80 790 376 1627 1629
529 133 230 202 116 117 87 861 862 127
530 132 1959 137 74 171 237 79 919
531 70 1960 1961 1706 1963 1964 790 791 1624 602 1628
532 96 560 1523 52 118 119
533 133 358 1965 46 118 87 442 445
534 228 1966 143 1967 1968 1236 1969 1970 727 1496 25 474 1971 1972 223
535 227 36 459 275 1973 55 474
536 376 266 301 78 79 47 494 184 185
537 325 7 1554 242 1975 1976 1977 1979 1980
538 0 1984 1985 1986 1350 1583 208 210 1982 55 1981 1022 1983
539 325 167 74 1771 956
540 199 398 1075 212 1076 215 218 1501
541 802 35 1988 199 1031 210 1589
542 1808 377 979 1989
543 391 3047 41 522 107 268 46 554 1001 1203 52 692 1204 55
544 771 1990 1992 1993 12 1147
545 34 1994 1995 208 209 212 124 125
546 1888 1186 202 171 363 364 206 79 365 560 115 376
547 96 1153 130 1997 87
548 7 237 1998 1999
549 1154 206 368 2000 2001 115 184 185
550 96 36 199 40 776 302 494 2002 52
551 36 325 346 242 243 245 250 350
552 1794 933 329 1353 13 498 275 277 25 799
553 544 73 78 80 472 185 1050 413 1278
554 1312 2010 459 1042 629 2006 632 1721 2008 2009
555 2016 2017 34 35 2018 2019 109 657 2012 2014
556 1443 388 2021 2022 2023 528 438 765 190
557 192 66 72 75 2025 87 151 1277 126 127
558 102 651 2028 46 2029 1713 52 1174 60
559 34 163 483 1347 42 109 2030 2031 20 472 57 220
560 287 741 2032 1722 767
561 867 2034 2035 2036 2037 2039 2040 2041 2043 2044 191
562 107 115 117 55 187 413
563 257 131 22 293 1083 187 457 1234 1235 361 107 112 1138 2045 2046 2047
564 131 230 1095 361 237 46 957 22 55 24 572 413 1406
565 2048 45 495 55 154
566 2049 776 154
567 2050 2051 740 325 217
568 2052 2053 2054 135 1576 1232 1202 87 58
569 2055 2057 396 827
570 163 102 105 107 46 528 55 764
571 97 389 134 681 2058 47 118 857 250 126
572 96 99 714 75 2059 87 184 1277 442 93 126
573 34 2060 111 155 156 221 159
574 34 36 362 109 2061 114 1362 1526 286
575 96 1312 36 329 45 438 1046 1341
576 516 1545 2063 2064 2065 2066 2067 165 297 196 1738 356 111 888 511
577 673 1346 1601 36 487 1402 243 250 61
578 516 41 107 1545 109 46 528 1521 2068 821 24
579 36 1253 105 523 652 109 141 53 2069 188
580 535 391 46 528 241 55 347 190
581 133 72 75 46 79 863 184 956
582 96 1122 2074 1322 188 210 212 917 2072 2073 826
583 75 377 2075 2076 2077
584 1536 2080 2081 1923 1349 774 777 110 399 46 278 57 2078 2079
585 66 2082 2084 2085 72 74 238 87
586 2086 1767 2087 754 55 223
587 133 78 79 87
588 192 129 98 353 358 263 2088 2089 2090 80 24 1082 253 1310
589 36 548 141 52 788 1140 188
590 650 267 916 1694 2091 2092 2093 47 1457 1589 694 55 184 78 96 352 239 1278
591 66 1987 2094 2095 144 145 147 785 2096 2098 191
592 2051 1476 390 1542 109 110 141 882 2100 1174 2070 957
593 1345 34 36 133 165 469 1973 2102 1051 286
594 1952 2112 66 547 551 2110 2107 1461 2104 2105 2106 1435 2108 2109 2111
595 96 376 133 206 79 80 115 374 184 185
596 1088 2113 732 165 1545 109 883 22 252 158
597 96 2114 803 1290 210 52 756 250
598 96 128 130 2115 301 118 55 445 190
599 2117 74 1084 24 1818 956 957 254 127
600 96 2118 2120 2121 2122 307 439 286
601 36 42 362 2125 2126 2127 442 2128 2129 438 151 472 126 1276 286
602 74 1202 2131 2132 87 127
603 956 2133 271
604 96 577 107 46 659 118 438 566 761
605 295 361 457 1328 1138 22 1078 24 2134 1080 571 2135 445 1950
606 135 202 75 171 237 46 1583 528 656 115 116 118 87 377
607 2084 692 2071 1654 1751 2136 2138 2139 2140 2141
608 2144 634 2011 2142 2143
609 1122 1188 37 2148 1899 1621 1018 91
610 2149 245 126
611 280 1248 453 2150 2152 2153 111 1650 1396 56 1497 159
612 354 1347 356 105 2154 2155 109 275 445 574
613 224 1315 1444 934 2156 2157 2158 883 1493 314
614 1889 130 133 78 79 80 87 127
615 1185 1253 102 560 243 52 1523 250 188 543
616 134 79 560 830 2160 118 919 859
617 132 708 295 361 1818 525 46 1393 55 570 507 572
618 1185 1186 99 133 1736 171 560 118
619 802 358 1836 589 302 303 210 52 280 1593 1501
620 102 554 399 1392 2163 2074
621 98 131 1414 135 1200 758 185 538 254 127
622 131 132 104 137 1818 237 87 698 187
623 325 395 654 2165 2166
624 740 325 1146 2170 393 74 395 1641 1906 2167 2168 2169 250 2171 2172
625 102 1263 52 188 2173 63
626 385 98 130 132 74 203 1258 79 1201 2071 117 87 127
627 96 2176 185 1820 263 237 206 79 80 1115 1244 477 2175
628 2177 118 477 1503
629 130 133 78 206 80 115 374 184 699 63
630 257 1057 1794 1476 933 2178 2179 2180 497 498 499 500 883 1495 26
631 2183 1258 79 80 81 87 185 538 127
632 70 871 1446 42 141 47 52 695
633 257 227 37 293 329 118 28 445 343
634 224 388 933 937 2185 498 882 308 277
635 32 96 102 41 105 1259 46 47 52 87 55 184 91
636 130 547 134 135 75 77 79 80 118 374
637 132 1412 135 74 202 237 22 185 127
638 137 2186 45 1459 22 55 24 1114 187
639 257 258 2187 2188 2189 2096 2034 275
640 131 102 230 235 2191 2192 2193 882 1587 53 607
641 332 13 2194 1235 2195 2196 2197 799
642 481 354 35 36 37 165 196 198 1330 2198 2199 158 703
643 755 52 1303 191
644 96 1374 418 195 38 1036 2031 20 21 24 732 1310
645 96 66 548 459 1516 117 2200 2201 442 1275
646 257 275 788 501 499
647 96 130 133 78 79 80 55 376
648 74 77 80 115 87 2202 127
649 135 80 374 87 61
650 128 2207 1956 70 1624 1623 376 2203 2205 2206 1599
651 673 2209 2210 1997 239 1583 1240 377 442 1277 1278
652 325 2213 7 47 655 118 250
653 832 1890 2214 2215 2216 2217 377 191
654 964 1094 1802 2218 2219 941 2220 306 315 959
656 109 882 277 2197 2199 799
657 96 834 36 871 788 119 347
658 391 332 2223 2224 2225 50 2226 2227 413 568 221 190
659 74 115 2228 117 2229 87
660 16 277 1691 799 934 1455 2230 1083 1999 1235 1495 858 860 498 500 1020
661 36 805 7 1161 1166 241 2231 2232 250 347
662 802 1031 776 714 47 210 212 118 2015
663 96 74 75 399 373 87 127
664 231 295 519 617 860 46 465 1969 1235 22 24 57 858 155 156 863
665 1249 36 1453
666 608 289 35 36 42 250 191
667 453 511 109 110 719 878 52 2235 2236 159
668 98 74 78 79 52 87 254 127
669 1218 41 76 78 81 87 760 377
670 2239 2241 2242 100 36 681 2187 275 151 442 2237 2238 1311
671 320 72 1073 956
672 995 2243 2244 2245 2246 2248 2249 2250 2251 309 60
673 1088 1664 1091 388 293 297 1738 2252 109 46 527 2253 2254 498 1078 1182
674 329 332 13 2255 2256 2257 1268 55 857 441 378 895
675 36 74 47 1105 89
676 34 133 42 653 655 209 242 756 442
677 66 956 974 957 1073 2259 895 2260 118 183 252 861 254 127
678 1230 78 723 1172 2261
679 35 1923 165 102 1514 715 875 1136 52 1556 2263 2264 1594 2013 1662
680 241 52 2265 250 126
681 96 2051 1893 70 2267 432 694 87 2266 1627 2268 2269 2270
682 102 105 109 141 119 55
683 740 36 325 996 535
684 2272 2081 1218 2273 2274 2275 134 232 1229 466 469 1397 1461 378 188
685 96 355 1126 78 47 210 1589 118 120
686 2276 2277 2278 656 2064 413 382
687 261 235 1772 1037 1165 1421 2028
688 96 192 1408 2083 1156 73 714 558 245 118 347 253 126
689 196 2280 460 209 1236 507 125
690 1120 353 199 776 2283 302 214 280 1020 989 1503
691 78 46 79 919 377
692 196 708 678 105 46 155 221 286
693 96 102 109 47 210 1172 122
694 102 2285 2286 2287 2288 212 822 280
695 550 2289 948 1558
696 141 145 882 2290 52 2291 55 221
697 1890 141 46 53 55 190
698 130 133 41 374
699 261 104 137 878 50 118 184 282 413
700 132 133 293 104 137 110 46 469 57 187
701 96 134 775 1259 47 210 1523 52 1524 2173
702 257 485 1353 2090 686 975 498 277 22 2298
703 13 275 1268 118 1812 2301 2300 445 446
704 96 80 210 118 119 477
705 608 235 46 53 887 765 286
706 2304 2303 422 295 111 821 1496 187 508 157 158 159
707 1408 2306 2307 2308 2309 268 13 1042 52 694 445 74 332 80 87 1115 2140 227
708 192 376 377 267 206 79 184
709 35 389 107 46 118
710 96 98 899 133 261 73 80 254
711 418 67 70 2311 136 2312 490 2313 1228 399 1776 55 795 60
712 2314 2316 1454 1979
713 224 1730 36 712 109 526 47 2317 1812
714 738 133 102 588 1133 2324
715 835 132 356 1321 331 13 654 273 277 2325 2326 729 1083
716 832 133 137 75 47 1202 117 87 154 2327
717 192 378 1809 2328 250 189
718 257 131 36 361 78 275 22 24 571 28 254 127
719 98 133 72 77 206 79 80 87 184 185
720 1728 195 196 2330 462 2331 1496 314 2333 2334
721 664 670 159 163 2339 48 1712 187 196 715 1105 989 878 111 511
722 2272 392 105 1260 2234
723 2114 707 261 136 52 475 253
724 96 833 105 107 301 46 1297 210 376 1020
725 948 2341
726 96 70 2342 2343 522 529
727 96 2081 1051 377 2344 79 239 87 184 185 91 1278
728 1476 293 808 105 498 118 572 190 799
729 1538 804 102 199 2345 107 47 118 1178 989
730 66 131 133 230 72 361 74 1325 46 87 55 957
731 1315 777 2346 46 399 755 55 190
732 135 74 80 87 185 956
733 803 325 1867 588 2348 2349 751 2350 2351 217 1471
734 2065 2353 883 275 277 2354 2355 888 2356 2300
735 36 241 243 788 917 2357 2358 250
736 32 145 2130 499 1655 2360 2361 2362
737 13 275 27 546 164 676 684 2365 2366 2367 2368 2369 474 1635 356
738 2373 2374 74 79 115 87 127
739 353 196 36 198 2375 55 1528 156 158
740 96 2376 2377 2378 2379 2380 2381 498 883 151 286 895
741 102 2382 655 2383 210 563 253
742 134 80 2385 2386 863 252 127
743 130 133 134 135 364 79 80 118 87 374 1403 127
744 2392 622 2387 2388 630 2390 632 2391 1754 254
745 96 870 199 47 212 215 218 220
746 128 382 483 1496 456 105 107 1586 890 22 55 24 158 2399
747 2400 2401 102 1258 171 270 79 560 55
748 133 75 78 79 373 87 538 127
749 2402 899 74 1258 372 185 698 127
750 2401 1122 1756 2403 1445 391 137 651
751 96 2404 293 102 518 1126 47 1777 210 52 119 190
752 96 79
753 2405 2406 2407 2408 2409 2411 2412 2413 2414 2415 2416 2417 2418 2419 2420 2421 1371
754 516 109 1389 433 52 118 55 474 1854
755 1248 67 510 426 396 1100 1617 2424 2425 2426 318 735
756 224 199 873 906 427 47 944 2427 2428 989
757 36 105 109 46 141 878 53 55 2429
758 2432 2433 2430 2434 2435 2436 295 40 2431 46 2224 467 1526 2046 511
759 96 535 2437 2438 242 276 118 374 378 347 126
760 1184 2439 652 945 757 1302
761 34 36 2440 2219 1901 879 788 347 221
762 353 196 105 106 511 878 53 1494 55 154
763 96 134 171 363 364 80 1200 1523 87
764 2370 2307 2371 1893 2442 2443 1036 2444 2270 21 1754 378 1115 893 126
765 34 806 2446 245 285 221 126
766 102 871 199 969 427 2448
767 96 36 2449 499 118
768 66 1219 22 91 1277 127
769 517 1804 2451 2452 156 158 35 165 57 314 196 197 198 460 1484 462 727 472 735 486 763
770 34 1091 196 100 388 517 457 474 1236 2453 2455 57 442 155 286
771 96 800 2456 1739 493 209 210 216 125
772 673 1346 2457 52 2458 2459
773 352 1730 133 41 2281 2318 1523 2460 188 1854
774 512 513 1419 795 155 157 2462 2463 2464 419 2467 422 1483 727 1248 1513 508 509 510
775 2468 2469 102 2470 2471 1365 1015 827
776 802 134 199 776 137 2472 1324 1869 302 47 16 560 118 859 254
777 2473 42 362 211 152
778 1794 164 676 677 933 934 2474 684 940 945 306 314 2365
779 1889 386 1122 136 73 137 1258 2475 77 923
780 932 165 453 235 2476 111 2452 53 159
781 1184 2016 228 105 107 652 46 2478 2479 55
782 1549 13 2480 2481 2482 1268 25 2302
783 98 1959 72 74 75 77 78 79 372 2484 2485 254
784 1412 135 377 75 77 237 79 87 185
785 32 385 674 75 238 1043 151 377 378 539 255
786 580 70 874 303 208 212 2486 119 2456 125
787 224 512 2051 708 390 112 2487 2488 2489 2490 1307 190 62
788 36 235 523 109 46 114 52 2491 2492 286
789 192 1889 130 133 361 376 57 538 187 2494
790 96 131 392 1352 1452 80 178 2454 697 1084
791 928 769 34 961 741 1289 362 2219 306 1010 315 1437 2495
792 832 2496 2497 2147 1188 134 102 75 1550 1820 255
793 353 131 132 923 137 206 433 87 539 540 254
794 231 360 105 107 46 1235 55 858 863
795 105 109 46 114 55 890 187 863
796 754 1748 1300 2499
797 129 261 1036 2064 548 1082 192 2502 2503 118 1789 126 1791
798 991 535
799 102 134 775 755 52 188
800 34 354 36 1346 1347 1350 42 109 654 1327 1051 286
801 96 135 73 75 77 79 81 87
802 835 37 1739 332 109 334 460 528 2027 1085 1236 1427 1144 413
803 130 1414 135 171 267 363 364 79 118 87 184 1403
804 932 2508 141 2510 2511 2512 2514 2515 277 2516 2517
805 1800 346 2518 1022
806 130 263 73 206 79 374 87 184
807 105 467 52 1523 1180 61 863
808 98 101 435 2520 2521 506
809 134 135 74 171 363 77 79 81 115 87
810 74 79 80 919 951 115 87 127
811 96 66 36 134 560 118 55 2523 126
812 928 2525 34 930 42 747 2060 109 1902 1615 531 2524 285
813 261 37 43 558 1082 478 2526 2527 1122 100 356 1515 1518 118 253 126
814 163 36 2463 105 1663 2004 53 221 511
815 754 36
816 196 329 657 307 439 123 285 446
817 1312 2530 2438 1449 80 119 2267 2268
818 34 36 2533 362 2317 526 529 1362
819 100 105 844 21 55 155
820 289 34 36 165 325 1217 2404 42 2534 2535 2536 462 1970 285
821 132 237 81 24 127 31
822 2401 301 78 431 2448 305 1589 1621 1499
823 1513 2537 1419 758
824 738 1445 969 1290 2538 209 242 210 211 657 1554
825 96 192 224 352 2539 1327 499 52 118 55 376 1278 474 253 126
826 102 2470 74 267 118 87 376 863
827 133 134 871 267 79 80 431
828 608 36 2541 141 2429
829 4 931 804 1315 1604 1608 329 973 334 860 1118 2542 2544 2545 126
830 96 771 102 78 47 915 118 694 726 446
831 132 2054 135 72 73 137 75 80 81 1201 1202 2546 2547 22
832 1156 261 73 74 80 178 2548 87 382
833 545 996 188
834 96 764 37 391 109 46 118 119 286 221 190 127
835 1698 1123 37 5 42 14 655 973 17 242 211 24
836 358 1254 776 46 114 52 2549 2550 219
837 75 399 115 87 185
838 388 105 110 114 210 882 469 2197 799
839 1536 1923 132 165 1092 41 107 460 46 22 57 187 956
840 96 102 871 776 427 589 47 304 494 216
841 70 392 2508 2285 590 2556 912 306 2552 2553 2554 1212
842 32 2558 1415 40 1136 883 21 22 57 474 2557 478 223
843 2560 2561 386 2562 2563 2564 2565 2566 2313 1579 397 58
844 1346 1347 2276 550 202 1547 45 278 286
845 356 1700 1604 2567 2568 2569 2570 2571 2572 2573 2574 2575 2330
846 1607 588 47 2576 242 52 1593 443 1020 2015
847 517 519 2577 2578 2579 2452 2580 2581 155 156 196 198 582 460 727 472 729 732 486
848 1984 261 2309 2535 41 80 2582 2583 2584 1789 126
849 2147 772 171 184 185 538 380
850 1282 325 362 394 395 346 1514 1822 218 766
851 263 1069 558 276 1750 254 2585 956 542
852 764 293 107 46 1174 2586 2587 252 1183
853 36 141 46 766 878 657
854 0 321 2589 6 358 329 334 337 1267 342 1270 1272 124 2588
855 517 519 155 156 2590 2591 2592 2593 2594 314 574 196 198 582 460 727 728 732 2281 509
856 96 841 74 77 2162 2163 254 376 126
857 836 77 47 303 212 215 989
858 354 388 389 2596 2597 2347 2254 2103 696
859 353 708 2598 2599 1385 2601 1911 54 55 1020
860 2562 131 135 2602 2603 919 127
861 36 2469 102 105 906 1034 52 54 318
862 2401 102 301 78 302 303 305
863 34 163 1543 1128 297 1003 1389 1039 2607 946 2451 2608 2609 1437
864 776 713 303 2002 280 2233 1119
865 480 36 805 7 2222 273
866 448 100 329 330 331 2505 335 2610 2611 2612 438 1502
867 391 235 46 127
868 163 295 267 78 46 55 863
869 132 332 13 1138 275 2613 956 445
870 1280 897 484 2133 2614 2615 93 190
871 2051 1957 2622 522 1623 601 1306 2619 1628 2621 2620
872 772 713 2476 77 2285 2623 1556 58 2075 2076 1439
873 354 1406 551 498 499 500 22 254 223
874 2625 1156 422 1414 77 178 404 2328 253
875 2626 2627 2628 838 297 235 2478 48 1587 511
876 160 36 2629 2630 2631 2632 1362 2430
877 2635 2636 2414 499 507 1821
878 66 548 102 105 267 46 47 55
879 79 87 185 538 127
880 135 74 77 80 55 117 87 923
881 518 1130 2637 210 1016 219 124
882 1922 516 105 1545 107 2638 111 2639 2640 24
883 673 36 134 39 46 1143 406 863 187 63
884 96 47 2641 52 118 2074 188
885 36 197 1514 1105 2642 2643 1397 438 472 30
886 133 102 74 47 859 254
887 37 493 2646 2647 2493
888 96 608 523 1777 52 53 1108 55 155 1662 223
889 704 289 34 35 165 329 42 459 1673 655 211 243 531 2648 285 158
890 133 681 1388 654 2158 2543
891 1728 195 200 2650 2649 2651 1375
892 2653 1868 78 2655 1556 1175 1594 154 2652 2654 511
893 1312 2656 36 199 1010 1044 790 727 1080 442 253 1246
894 96 2657 136 1258 77 80 372 404 374 376 2269 126
895 96 897 66 134 74 87 254
896 96 102 714 589 78 47 2321 756 1589
897 288 2658 133 77 1325 919 374 87 377 127
898 2432 223 2659 295 105 1545 1325 1006 2334 159
899 865 1923 2660 293 1545 109 275 1048 57 155 732
900 34 354 36 41 107
901 708 102 136 2664 1150
902 450 1923 36 2665 2667 2668 2669 558 2670 275 1047 22 87 1878
903 135 363 80 434 374 376 185
904 1942 160 814 2681 2671 2672 2673 2674 2675 2676 2677 1142 2679 2680 2678 2682 2683 2685 2686
905 128 512 2689 163 516 2690 48 280 795 286 159
906 2692 101 235 1421 47 566 1278
907 96 928 34 2693 42 298 2446 118 1049 442 286
908 2696 267 377 126 575
909 192 132 38 72 74 2697 77 237 238 80 81 1202 87 58
910 257 897 2698 2699 2700 237 2701 22 55 1660
911 617 1385 141 2702 2703 2704 2705 1650 1174 511
912 512 136 522 2706 157 418 419 46 570 67 1617 2018 507 508 510
913 2272 356 37 109 466 2707 1461 1526 61
914 672 674 2708 2709 2710 2711 2712 377 987
915 928 2017 2018 708 1672 1289 1471 1005 462 2013 157 511
916 1122 332 118
917 257 805 43 499 694 26
918 802 713 78 47 302 304 494 1395 406 91 126
919 1319 47 304 1396 1589 118 55 766
920 128 80 374 376 185
921 353 998 878 2713 154 733 1406 159
922 165 102 615 106 906 716 878 48 52 53 920 154 2715 158 159
923 407 135 72 75 238 79 80 87 377
924 1446 42 655 211 216 2716
925 704 613 102 105 906 1130 918 1180 863
926 267 79 47 184
927 1767 109 141 112 52 55 223
928 1056 2472 41 47 766
929 230 206 118 87 442 863 127
930 773 2717 493 915 118 1117 446
931 608 36 1477 362 2718 52 1140 60 1662
932 1315 804 9 657 378 477 254
933 320 135 104 1228 77 1612 1202 58
934 96 841 2320 1395 118 438 442 1341 126
935 36 356 2194 275 499 221 2719
936 2720 2721 1445 2120 522 2287 208 210 218 220
937 2723 2724 2725 774 782 785 146 147 788 820 1942 1947
938 66 2726 74 1244 117 87 376 378
939 99 74 115 118 1623 376 538
940 388 165 1444 1543 2727 617 2728 883 20 277 884 1047 1109 2067
941 354 1668 2730 2731 2290 2103 221
942 774 2733 785 147 1140 788 1719
943 1794 260 2180 2181 1896 2734 499 500 28
944 96 128 386 807 136 1579 494 80 376 1630
945 1184 133 102 776 652 302 47 210 242 118 1438
946 96 47 2736 2737 2738 52 347 476
947 2147 79 80 527 185
948 676 453 677 615 932 111 306 2742 2743 56
949 130 77 206 1200 561 374 87 184 185
950 1514 54 1015 2746 2745 826 2748 159
951 109 46 277 2455 190
952 704 163 196 516 519 511 2750 111 1712 1010 1528 958 159
953 2752 105 46 243 52 755 55 248
954 2754 100 109 1389 882 946 118 55 1174 1850
955 1889 98 130 133 361 1258 78 79 376 185 572 1917
956 1923 516 137 2452 926 1825 295 2476 57 451 2505 462 2639 1136 1526
957 480 2756 134 493 1392 1524 917 1240 2072
958 171 364 363 365 184 185 859
959 832 66 135 74 43 171 372 377 91 126
960 73 377 80 81 560 1200 185
961 1689 411 35 36 42 318 703 2758 1100 97 228 1513 1901 878 508
962 774 782 146 147 1944 2340 1832 41 52 820 1719 2759 2762 2763 2764 2765 2766 1777
963 1664 939 2767 2768 52 21 854 2492 1662
964 1799 295 2769 275 2047 863
965 2771 36 191
966 477 261 75 957 2772 2773 22 126 127
967 36 932 1254 105 13 46 941 945 277 799
968 102 2775 427 1261 1262 945 2358 119
969 261 134 74 368 560 115 52 1523 2001 861 830 127
970 102 47 118 55 920 2777
971 98 79 80 87 55 254 127
972 79
973 2531 2780 1989 2674 54 2778 2779 60 2781
974 32 36 830 499 469 221 799
975 2304 891 293 295 104 361 1896 1324 45 117 55 24 187 2782 863
976 2688 2784 67 2786 133 422 774 2787 2789 1295 2674 2677 157 2783
977 243 2790
978 1091 332 47 1589 1174 2427 221
979 96 135 267 364 79 87 184 185 188
980 389 391 2791 105 46 47 1742 55 1880 572
981 67 2149 1385 110 46 1278
982 385 1122 2792 41 235 236 45 47 671 1590 920
983 36 356 104 107 46 1139
984 705 165 613 616 2793 2794 2795 1804 2796 2797 703 2743 154 158 159
985 1786 2214 2216 141 2798 282
986 1220 107 46 55
987 102 235 302 560 305 54 190
988 4 6 329 332 13 14 1422 273 498 307 308 1109 223
989 2563 597 1372 2799 2801 2802 2803 2804 2806 2807 2808 2809 2810 2811 2812 2813 2814
990 2816 74 106 235 1899 2815 124 126 255
991 353 75 77 1325 24
992 673 2818 1091 36 740 7 2819 554 43 300 217 250 347 285 126 287
993 355 293 37 2535 2820 495 2451 55 572 221
994 192 832 2822 39 104 378 1871 2175 254 90 91 1754 126 863
995 832 353 928 483 932 198 2823 2158 21 22 310 473 1338 155 30
996 2336 40 2824 788 852 22 445 190
997 928 1664 678 1094 2118 2120 2825 2826 654 306 531 2741 541
998 34 732 2827 460 2828 2829 307 2581 727 1530 155 156 2588
999 132 133 22 24 538 295 1080 192 74 1234 469 861 361 237 116 382 127
1000 2443 2830 24 1828 55 441 445 329 330 334 335 90 91 1893 1272 2302 767
1001 66 276 2831
1002 232 66 130
1003 833 1098 301 47 209 210 52
1004 517 519 2832 2833 2834 2837 795 928 2464 296 1712 196 453 966 732 1384 763 508
1005 75 171 79 117 2838 254 127
1006 96 803 1446 776 1224 42 1518 209 119
1007 802 713 714 589 302 303 1622 2839 1119
1008 34 35 197 1063 2821 1615 1136 52 53 2840 1594 575
1009 386 2562 77 81 1202 87 2841 58 2842
1010 96 832 1832 105 361 109 46 52 87
1011 2560 2561 2562 2689 2564 2313 397 2843 2844 2845 2846 58 1228 77 1612 490 2804 2810 2814
1012 96 800 199 1031 1319 52 119
1013 2848 2849 41 714 52 376 1277 2847
1014 132 230 72 105 75 361 237 81 1202 117 87 254
1015 2850
1016 128 130 1570 773 137 2058 78 79 184
1017 610 2851 2852 453 165 102 1416 1801 2853 1484 2855 2856 111 2857 53 2014 703
1018 131 134 74 75 79 254 87 91 861 863
1019 2567 15 17 2858 320 963 329 971 334 226 227 498 1267 887 1271
1020 102 873 2859 47 210 242 1523 119 219
1021 1856 772 235 1143 406 118 376 413 127
1022 1443 356 104 1047 277 118 55 378 286
1023 1153 202 171 204 78 206 2862 115 184 185
1024 133 75 267 78 79 373 87 1018
1025 36 105 1322 107 46 507
1026 2526 40 2863 2864 2865 2866 916 951 282 1310
1027 1153 66 134 74 171 79 2867 374
1028 132 1258 1324 237 78 270 185 923
1029 129 385 899 261 1037 1040 660 1310 40 2868 192 66 74 202 87 127 253 2175
1030 224 34 928 36 1664 42 2795 2869 1182
1031 264 171 115 2868 2870 254
1032 163 516 295 617 460 2702 111 1586 2871 668 510
1033 544 100 133 977 115 916 762 380
1034 782 785 147 788 2771 2872 2873 2875 2876
1035 377 267 206 79 115 1590 184 185
1036 832 1186 109 1742 377 2877 126 286
1037 96 800 2881 806 7 42 1266 211 532 250 2878 2879
1038 2882 2883 36 447 334 558 275 883 889 442 2235 956 30 191
1039 450 2885 109 2254 527 221
1040 2886 232 237 979 987
1041 480 1122 493 722 2162 1172 1877 1974 121 124
1042 388 2694 2887 1100 2067 221
1043 37 2888 2889 46 55
1044 195 2819 478 200 1352 2891 2892 2893 2894 2895 2896 502 151 442 1723 30
1045 512 2465 516 2855 904 1005 111 1009 2897 883 53 508
1046 1122 35 100 165 261 903 1513 926 118 445 158 191
1047 874 441 2861 210 2899 118 1979 125 446
1048 96 352 802 133 1098 47 505 1118
1049 96 34 36 42 217
1050 102 776 47 2448 305 1523 52 1524 863
1051 37 2472 364 564 95
1052 36 13 275 499 788 2133 2325
1053 272 24 1949 30 676 957 72 2900 2901 2902 858 1896 105 2665 2669
1054 109 2903 52 55 2904 26 445 1662
1055 576 199 52 1912 2905 2906 2907
1056 195 196 200 105 392 1036 1528 2909
1057 391 105 46 399 528 1396 55 764 2910 863
1058 202 371 550
1059 1760 36 261 548 1161 1162 1166 80 243 245 126
1060 161 196 485 295 685 111 882 883 1528 155
1061 1748
1062 96 1445 102 47 209 210 242 212 216
1063 2210 493 1997 722 2162 1974 1239 1240 124
1064 2912 1697 1186 2913 2914 389 2915 391 2916 105 267 46 469
1065 1889 133 73 560 55
1066 128 2917 1960 361 74 1710 55 570
1067 2826 2067 1951 164 936 297 2856 684 1712 2364 320 196 223 2660 2918 2919 2920 498 883 252
1068 1536 155 156 286 160 2089 299 57 196 582 2013 735 358 1514 508
1069 325 102 776 1261 302 560 118
1070 230 2921 74 117 22 895 922 127
1071 230 104 233 2922 2923 2924 2925 957 1950 20 22 55 24 572 413 574
1072 130 132 72 74 75 237 117 1141 87
1073 608 1088 163 36 613 614 1416 617 141 2926 111 1586
1074 131 104 107 361 1324 46 957 2927 1589 187 413 863
1075 132 134 135 74 267 1325 206 79 117 87 185 127
1076 516 708 295 361 107 111 2928 1969 1078 2135 56 1083
1077 356 36 487 2929 276 52 1310
1078 483 36 105 109 114 52 1662 895
1079 992 1730 1256 427 524 119 1115
1080 673 2819 104 235 2930 2931 24 442 508 1277 1278 223
1081 516 422 2932 2933 790 2934
1082 102 134 527 114 52 756 119 2199 1401 1466 124
1083 1145 1188 377 2189 206 79 399 2935 437 406 919 184 1143 2485
1084 98 131 78 79 80 46 117 185 923 572
1085 36 1989 391 141 718 2096 670 191
1086 55 221 2937 189
1087 161 293 22 887 155 1181
1088 2593 419 196 422 519 843 846 1372 1528 155 156 510
1089 608 141 558 306 250 2939 2938
1090 102 2504 243 52 2940
1091 2944 1057 1667 40 275 2943
1092 256 257 1057 1571 883 26
1093 932 2947 2948 1677 883 277 1047 2649
1094 36 235 109 48 52 53 22 1144 670 1535
1095 2950 265 2506 332 13 191
1096 2114 804 871 2951 1523 216 1980
1097 2598 2952 233 106 2953 1141 2327 252 1469
1098 2116 102 78 1589 118 282 575
1099 1440 353 1218 2020 2627 1257 235 2956 2065 378 91
1100 385 132 46 53 252
1101 261 230 40 361 107 109 110 399 1325 22 55 24 1308 957
1102 102 2855 2957 1135 2959 2960 2961 2654
1103 72 2698 276 87 88 377 539
1104 36 1854 465 2577 147 1982 2962 55 30
1105 774 2764 785 146 147 1140 1944 2964 2781
1106 20 2965 24 221 126
1107 96 66 548 134 74 2967
1108 928 961 34 100 36 228 362 1514 315 735 52 1528 1530 155 511
1109 899 261 2504 366 1558 253 254
1110 459 468 2969 2970 2971 2972 959
1111 2274 36 788 30 2973 478 1311
1112 1220 293 1292 498 883 277 1492 1493 2975 445 2974 223
1113 2976 98 131 132 1336 230 2978 74 2155 237 80 919 24 1114
1114 2980 38 915 2260 956 254
1115 96 1826 36 2823 1353 1777 151 2648 155
1116 96 358 136 361 682 653 210 114 211 242 2551
1117 389 294 295 2982 74 53
1118 1345 1347 36 2984 2058 109 110 143 895
1119 34 2434 36 37 105 42 2986 45 469 55 252 1662
1120 769 388 1802 141 35 36 165 2987 2989 46 2990 2741 438 695 107 882
1121 771 388 36 446 1992 2120 45 654 1042 52 2648 286
1122 1342 1832 105 477 286
1123 2719 2992 2993 1235 2994 2517 221 1343
1124 833 2116 906 1020 305 2995 1556 2996 118 55 1144 764
1125 673 41 2893 558 2414 1073 2997 2999 24 3000
1126 66 98 130 74 79 919 438 87 184 185 3002 1277
1127 832 1026 900 2598 75 145 3003 3004 1469
1128 2194 277 36 941 60 3007 3008 959 2771 227 867 2804 887
1129 1186 134 135 1230 79 560 1424 87
1130 928 35 42 2492 3009 3010 196 3011 2505 211 2009 735 622 624 630
1131 104 107 111 863 252 127
1132 3012 613 3013 3014 904 3015 1130 3017 989
1133 932 3018 941 496 277 1115 221
1134 1538 47 1395 118 504
1135 2507 45 469 22 55 56 57 1461 187 61 159
1136 3019 3020 2804 437 2806 2814
1137 96 167 3021 78 79 721 2071 1820 1821
1138 46 52
1139 35 708 165 732 1545 110 46 462 24 1114 572
1140 36 102 42 3023 243 1523 250
1141 133 102 998 776 41 3024 1589 280 282 989
1142 608 2671 1105 3025 3026 3027 1754 1851
1143 133 102 267 78 118 184 185
1144 545 100 4 197 1700 334 1583 1809 3029 55 857 858 383
1145 36 1989 3030
1146 97 36 105 141 46 110 2703 850 22 1174
1147 705 102 3035 3036 3032 3033 3034 827 2748
1148 133 41 105 235 236 46 878 1103 114 2163 52 53 951
1149 1889 261 522 269 79 80 81 376 2269
1150 1218 197 1031 554 46 2102 1496 3037
1151 132 2347 237 16 116 53 22 190
1152 34 42 756 439 286
1153 353 2030 498 891 445
1154 377 78 79 115 87 184 185
1155 2113 732 196 519 200 1384 690 275 2579 314 155 156
1156 3041 516 293 1416 46 883 888
1157 1 3 771 1446 7 871 393 746 2172 242 2235 1148
1158 608 3043 3044 3045 520 54 2744 507 60
1159 196 165 516 517 511 111 1712 53 56 57 158 159
1160 832 3046 106 1590 1181
1161 32 66 3047 40 1325 276 1461 252
1162 1153 901 3048 79 115 406 2935
1163 802 1315 47 754 55 1144 126
1164 1153 583 78 47 2159 184 185 127
1165 608 2434 35 36 165 102 391 518 105 46 187
1166 34 803 36 7 362 1290 655 211 216 250 347 1214 286
1167 1889 98 2297 377 74 77 1651 405
1168 1696 132 134 3049 171 238
1169 72 137 237 399 87 539 540 254 127
1170 66 132 237 79 863 539 540 254 127
1171 165 391 105 45 399 467 1396 190 223
1172 471 35 388 165 391 105 3051 109 46 51 1174 55
1173 98 135 363 364 3052 81 374 185 538
1174 135 73 77 81 145 374 87
1175 66 72 75 79 87 91 540 126 127
1176 224 1088 1091 228 36 1416 523 109 766 3054 3055 3056 306 3057 52 277 286
1177 608 1952 2372 933 232 74 363 568 184 764 127
1178 2084 3003 2566 1612 77 81 1202 2546 692 661 2843
1179 771 47 1872 210 3058 3060 3061 120 1503
1180 769 2587 670 34 35 165 2888 719 223 615 1389 111 752 3062
1181 2341 491 1776 2130 2419 3063 3064 3065 3066 3067 3068 3069 1822
1182 184 221 141 237
1183 134 1065 171 267 55 382
1184 1056 392 46 47 1589 55 1178 91
1185 3072 133 614 392 105 652 46 399 528 1103 755 1140 55 187 765
1186 32 961 196 358 40 844 307
1187 577 2328 197 102 906 920 1276
1188 928 1216 3075 36 741 3077 1288 393 395 1165 242 1214
1189 1664 771 3078 3079 3081 2314 3082 3083 2199 35 165 1738 224 228
1190 32 257 2181 38 1294 498 499 28
1191 1798 391 716 3085 878 51 764
1192 2786 484 2406 2408 1322 3087 1776 3088 2418 3089 52 3090 3091 411 510
1193 2272 929 34 1315 36 2275 2631 1513 106 109 1325 3092 3093 3094 3095 318
1194 899 73 1258 366 79 80 87 185
1195 163 1541 295 2023 107 235 46 1103 2290 1396 53 696
1196 135
1197 961 3098 196 198 1798 297 1531 1528 3096 314 156 509 3097
1198 96 994 35 36 197 1091 1001 526 52
1199 1605 105 361 878 528 1235 252 190 863
1200 96 354 133 105 46 80 304 52 55 3099
1201 1132 716 941 3101 2491 219 3100 1437 3102
1202 608 803 36 677 362 1290 462 1362 632 1721 2142 3103
1203 3104 109 755 245 445 446
1204 3105 941 287
1205 96 3107 714 301 118 441
1206 3108 3109 3110 3111 3112 3113 3114 2766 785 820 1883 2781
1207 98 377
1208 96 1536 133 210 119 438 57
1209 3115 241 52 347
1210 1889 130 3116 118 376 538 923 700
1211 1027 325 3117 16 401 1075 55 190
1212 96 1283 102 806 776 589 303 210 118 216 217
1213 708 1095 105 107 141 46 1103 2064 2703 882 53 54 55 572 670
1214 1088 1091 1543 1580 45 878 48 54 154 670 159
1215 98 1060 135 73 1258 75 79 919
1216 3110 813 2414 3118 2096 1042 3119 3120 150 151 3121 3123
1217 289 34 35 100 102 393 42 395 655 18 3125
1218 1416 1545 1556 282 670 158 159 163 165 46 48 52 53 54 695 196 2628 715 2653 483 105 878 111 1395
1219 3130 3128 936 1354 427 210 245 3126 1015 3127 3129 3131
1220 102 137 267 301 47 302 303 245 118 187 1180 253 126
1221 774 1995 300 141 782
1222 1409 135 74 75 79 80 185 127
1223 96 1091 357 389 520 361 78 80 371
1224 3137 3138 676 3139 3140 235 2638 3133 1982 151 3134 541 1630 3135
1225 96 673 36 3141 47 118 87 438
1226 96 133 3142 3048 78 118 1244
1227 197 199 3143 752 1010 1015 318
1228 446 105 107 46 118 475 190
1229 1122 2595 841 3145 3146 3147 2162 243 244 1461 2074 190
1230 802 102 46 55 127
1231 1984 705 34 35 1446 2476 208 703
1232 133 102 1130 1324 46 47 302 431 1391 1144 126
1233 102 776 427 1015 280 2559
1234 1248 1569 196 945 882 895 56 154 735
1235 96 832 901 1188 377 75 3149 3150 79 951 184 185 254
1236 41 46 754 52 822 575
1237 196 165 2695 104 233 91 462 3151 433 1496 154 187 765 1406 895
1238 64 512 418 419 2464 70 422 136 912 3152 3153 1559 2616 601 508
1239 46 3155 22 55 57 187
1240 477 385 39 1395 2815 863 3156 1145 221 127
1241 832 2817 133 1419 76 1899 916 3157 184 185
1242 645 39 622 1494 1112 3158 3159
1243 353 130 35 293 1406 1319 104 254
1244 130 135 1324 78 46 47 561 374 185 538
1245 2081 1347 105 109 46 111 3160 159
1246 36 391 1255 105 109 46 47 110 1020 382 863
1247 320 1698 1827 1739 14 17 307 2613 1271 860
1248 74 46 55 187
1249 163 422 617 1325 111 187 508
1250 36 394 109 1810 1811 2199 346 1022
1251 1163 1166 2357 3162
1252 96 1122 1316 3164 3165
1253 130 134 78 79 206 373 87 184 185 538
1254 96 1311 807 276 117 87 127
1255 224 36 109 52 2197 3166 3167
1256 96 133 102 267 46 47 305 2161 190
1257 224 165 615 141 111 719 51 54 154
1258 163 297 670 1004 1325 46 111 719 878 51 154 190 159
1259 3168 3170 3171 708 229 3172 3173 715 1003 1004 57 187
1260 387 41 105 141 685 1870 2290 55 697 221
1261 1730 3174 3175 904 3176 3177 3178 2477 1624 735
1262 96 673 377 3179 206 239 1781 184 57 413 1278
1263 1032 1435 36 556 949 196 1220 2786 3180 2541 3181 3183 3184 3185
1264 130 47 80 81 1200 1871 374 376 185 127
1265 96 770 1756 1092 109 210 118 55 1020
1266 37 105 141 46 1103 1396 2103 55 56 187 159
1267 96 199 426 302 79 303 3188 3189 118 1501
1268 96 43 2163 3191 694 119 1018 126 1407
1269 356 1253 1797 1260 46 3151 55 223
1270 352 1664 44 109 2604 1168 3192 3194 3195 1182
1271 354 708 1092 102 712 1516 109 52 920 54 55 118 575
1272 98 1413 74 267 79 368 721 185
1273 36 293 105 302 467 212 52 821
1274 923 104 137 2065 117 1141 3197 3196 413 1950 2719
1275 3201 3202 1863 232 1773 3118 2481 3123 2460 988 3199
1276 320 257 1795 3203 332 13 1036 499 887 155 3006
1277 325 134 46 52 726
1278 96 135 75 238 79 87 184
1279 900 1988 102 392 1868 1389 1395 1556 55 282 219 190
1280 385 66 2337 2915 3204 893 61
1281 1949 21 1310
1282 1856 1064 1549 46 726
1283 2913 261 3207 3208 364
1284 74 1229 145
1285 96 1186 134 3209 364 80 2548 374 376 185
1286 105 45 110 113 1397 55 56 188
1287 608 1342 1662 1752 286
1288 66 2441 1821 2602 3210 3212 1659
1289 391 105 107 110 46 1139 2489 571 765
1290 199 209 210 212 118 215 822
1291 36 775 2058 188
1292 102 776 305 2074
1293 99 1190 759 79 47 305 399 1199 862
1294 130 133 1324 3213 206 239 52 118 184 185
1295 130 1186 110 79 560 561 923
1296 608 354 48 1693 2271
1297 2116 1868 78 560 46 305 1391 3214 1589
1298 832 75 76 3215 3216 951 473 1469
1299 1315 134 714 267 76 301 79 47 206 919 184
1300 132 135 73 1258 78 79 80 81 692 87 184 185
1301 192 256 257 275 52 499 26 30
1302 96 136 74 269 1651 87 377
1303 353 1959 238 239 3219 2997 24 1855
1304 96 130 74 714 77 78 79 185
1305 134 263 41 560 1424 58
1306 1664 2144 3008 36 2826 878 624 1717 54 3158 24 635 637 895
1307 96 98 102 267 79 184 1756 127
1308 109 46 858 63
1309 295 40 50 1235 500 3220 3221 3222
1310 97 771 164 197 118 727 24 443 286
1311 96 1697 133 263 41 80 210 916 2175 831
1312 98 72 75 237 79 115 184 377 127
1313 1122 99 3226 2877 976 3224 3225 2074 124 2717
1314 96 36 133 105 47 52 118
1315 1536 516 453 295 104 111 48 56 57 159
1316 96 132 133 134 171 80 87 185 1659
1317 96 34 771 293 2027 47 16 52 2841 1691 3228 126 286
1318 128 773 136 104 2540 78 80 1011 3229 376 2269 413 382
1319 517 582 154 998 1496 843 460 2281 2030 24 56 3230 732 574
1320 74 1034 1325 80 81 508 1342 3231
1321 96 130 376 1448 267 78 79 47 1651 118 184 538
1322 2592 3232 3233 3235 3236 3238 574 1236 2590 767
1323 98 131 104 79 81 118 184 185 538
1324 102 295 136 3239 208 2323 52 212 119
1325 353 1889 3046 3240 110 78 494 413 254
1326 96 2307 102 391 392 1126 427 3241 46 528 1103 55 1854
1327 96 133 267 47 118 247
1328 96 827 3243 3244 208 1777 210 219 1438
1329 296 429 1231 3245 572
1330 96 391 105 107 46 52 277 26 221
1331 36 325 2951 42 298 3247 3248 3249 533 249
1332 96 72 74 238 1040 3251 118 87 1788 126
1333 96 3255 1029 969 208 209 210 242 212 3252 3253 535 216 3254 347 2878
1334 361 107 524 1324 46 465 55 733
1335 2083 261 269 118 3256 91 253 127
1336 928 673 35 1288 3258 398 15 401 402 3259 1722 1307 3260
1337 1346 392 105 552 2504 46 47 3261 190 127
1338 3040 769 3264 35 2660 165 2057 1514 2067 3262 3263
1339 354 293 295 876 109 275 52 187 732 190
1340 3265 3267 3268 3269 1734 3271 362 1973
1341 224 1057 3272 1833 3273 883 277 1754
1342 3275 3276 3277 3278 3279 3280
1343 608 2882 4 1605 38 3079 8 329 332 337 3281 3282
1344 208 658 1076 2995 214 3283 3284
1345 1312 3287 295 104 3079 2298 703 1042 3285 3286 1114 187 957 223
1346 136 367 3288 3289 3290 155 124 286 1311
1347 2113 483 519 361 457 107 1513 2090 3291 3292 24 155 156 863
1348 96 2371 3235 499 119 24 474 126
1349 293 107 53 57
1350 3297 70 3208 1229 789 60 157 3295
1351 36 133 105 46 114
1352 96 1185 1186 133 134 46 80 1424
1353 98 133 134 135 2603 206 115 118 87 374 377
1354 352 738 681 110 1039 475 221
1355 257 227 38 487 887 498 499 155 221 30 1311
1356 2912 1186 1413 3301 135 3302 3303 3052 1463 1659
1357 41 830 52 118 1524 1821 542
1358 90 137 74 75 81 117 55 377 58
1359 608 3305 883 53 221 511
1360 96 354 802 105 267 46 47 915 118 254
1361 131 3306 47 1135 945 22 279
1362 2520 1258 184 538
1363 457 3308 109 46 111 210 2066 1175 1080
1364 16 282 155 36 2469 44 52 53 863 1126 105 3309 3310 1015
1365 2400 98 185 3048 74 206 79 2128 437 184 89 1244
1366 3171 764 107 46 304 528 722 54 1305 2910
1367 130 134 135 171 364 77 46 2603 81 117 374 87 698
1368 738 36 105 1256 109 941 52 2519 60
1369 393 1388 3311 3312 3102
1370 132 134 74 399 81 863 87 378 127
1371 66 2564 133 232 1228 1325 81 145 3313 377 58
1372 96 34 2819 36 199 776 43 45 654 22 118 442 60 989
1373 832 2401 131 102 777 1257 267 78 47 3314 406 185
1374 771 7 393 241 52
1375 772 133 102 773 41 1322 267 1259 1231 1397 1589 188
1376 640 36 102 105 511 154 286 223
1377 1153 391 105 110 3315 190 765 382 863
1378 131 230 202 237 78 1020 126
1379 161 131 1542 1896 265 457 111 16 498 1235 3316 2613 22 2302 858
1380 257 259 36 53 501 3317 542
1381 245
1382 96 1799 40 841 303 830 915 61 254
1383 1315 105 44 1388 1777 1526 188 221 799
1384 764 136 105 109 46 528 2995 1364 54 254 124 190
1385 96 354 1091 388 293 1347 107 235 46 111 1103 1502
1386 37 391 392 105 1103 145 530 766 863
1387 0 4 8 654 307 2118 2120 1739 975 337 109 498 1267
1388 171
1389 96 1315 133 1318 104 681 334 1395 438 3319 857 378 1244 1085
1390 36 141 46 850
1391 1188 72 74 75 1258 80 830 254 127
1392 289 36 2118 42 109 879 1878
1393 196 517 198 486 2281 460 2578 727 3320 314 155 156
1394 37 714 432 118 55
1395 96 1186 133 102 776 41 46 80 304 52 55
1396 130 868 134 560 376 1016 1020 159
1397 96 46 52 3321 863
1398 3041 202 368 371 3322
1399 130 135 171 363 79 80 87 184 185
1400 163 293 105 46 112 55
1401 708 102 136 105 107 55 571 187 863
1402 1408 98 132 1477 269 87 185 3323 126
1403 1186 1156 134 171 365 79 47 118 1462 3324
1404 353 1315 36 235 110 468 2070 184 3325 413 895
1405 72 171 237 79 87
1406 391 392 105 429 46 1363 52 2777 3326
1407 96 992 1095 392 524 525 46 529 52 119 1020 190
1408 3328 617 1801 141 695 2299
1409 3329 3330 3331 3332 133 102 3027 277 473
1410 1857 98 177 2548 2261 87 254 127
1411 98 132 135 72 73 237 81 87
1412 67 1764 391 136 105 1255 46 1678 863 55 413 766
1413 96 131 133 3333 72 377 74 75 203 237 79 116 184
1414 353 1416 235 2643 52 53 863 55 1240 1396 858 223
1415 388 3012 3334 1130 1261 47 282 1502 2652
1416 165 293 3336 3053 526 118 55 472 57 221
1417 96 833 102 1126 3337 3338 301 304 210 118 1015 1144 569 190
1418 3339 261 1310
1419 992 393 52 346 991
1420 133 1551 20 286 34 36 37 293 54 956 452 1220 355 356 1891 998 617 253
1421 672 1575 979 788 1439
1422 1216 395 300 3341 2736 1075 212 216 253 126
1423 72 74 861 77 237 957 3151 3342 117 87 24 858 88 413 127
1424 79 80 87 127
1425 96 52 119
1426 128 1570 2054 1258 77 397 1232 81
1427 96 1253 102 105 523 46 114 188 286
1428 164 36 2180 879 499 500 191
1429 36 523 52 568
1430 1315 36 681 127
1431 102 3246 3343 304 1523 212
1432 131 132 230 137 1789 79 80 919 3344 117 87 957
1433 0 224 933 934 273 3345 277
1434 0 2529 835 6 43 655 2256 337 276 3348 118 1118 253 446
1435 1344 130 137 107 77 2064 378 253
1436 137 171 79 469 87 184 185
1437 98 376 135 363 78 79 206 118 184 185 538
1438 133 230 105 46 114 3349 3350 55 190
1439 494 210 118 3354
1440 131 3359 808 107 3358 495 80 2484 3356 3355 1404 3357 286 863
1441 738 102 906 109 47 210 52 989
1442 3360 66 72 87 126 539 254
1443 3361 3362 3363 3364 141 2577 2943 1592
1444 3203 524 1046 2085 3366 3367 2474 308 852 1495 1636 500 502 887
1445 34 3 902 7 109 944 215 154 446
1446 1570 196 165 102 197 1031 459 1100 1131 3371 3372 1363 3354
1447 353 1605 2823 2950 2157 3373 465 1267 22
1448 1088 422 2406 2666 141 2063 1776 3375 3376 883 1493 727 2330
1449 34 42 1662 314 1554 211 756 1397 3092 507 285 286
1450 159 3175 2506 1004 3377 1555 2645 56 413 223
1451 2336 2098 3378 3380 3381 3382 3384 3385 3386 3383 3389 1220 478 254
1452 36 774 359 788 21 1236 57 60 3390 447
1453 608 36 2318
1454 135 1258 206 80 117 87 185 698 923
1455 96 3392 36 1041 151 442 3391
1456 3393 388 104 877 187 223
1457 66 98 130 1186 3394 135 73 2602 364 79 80 560 376
1458 899 132 2758 135 74 80 87 2234
1459 3395
1460 354 36 388 105 297 109 1389 2254 52 55 703
1461 96 131 356 134 74 267 560 54 22 863
1462 388 104 106 876 55 54 22 252
1463 928 165 3269 3397 3398 3399 362 1514 1528 315
1464 608 97 36 43 189 191
1465 3400 526 241 242 756 726 118
1466 161 163 296 3401 492 2412 3086 3088 145 2418 499 2359 2719
1467 129 3233 261 3238 3402 3404 3405 3406 3223 2649 445
1468 72 267 2700 237 557 2065 254
1469 740 36 2414 2098 276 3351 2040 1117
1470 132 137 74 233 842 2923 399 145 433 469 55 378 957 1918
1471 96 522 3020 79 239 115 118 87 120 184
1472 66 354 1923 1325 110 1392 117
1473 74 43 302 118
1474 1416 105 1801 2512 1777 476
1475 96 46 976 115 52 119 118 87 1277
1476 1347 104 681 13 275 277 1973 1278 223
1477 419 3299 719 3410 3411 3412 3413 3414 3415 3417 670 1343
1478 289 34 36 40 1225 42 43 1673 45 2060 3418 250 3419
1479 387 772 137 696 187 572 190
1480 196 36 198 486 519 939 1617 727 3161 154 3420 3422 3423
1481 3424 1153 171 302 55 859 863
1482 1825 3425 104 202 204 79 80 2868 3196 413
1483 164 229 1222 395 306 52 2554 541 1022
1484 2147 134 267 46 55 184
1485 418 3428 2565 70 3429 1960 590
1486 66 72 79 87 539 540
1487 96 480 772 3430 46 1775 243 2995 216 2879
1488 124
1489 75 78 270 127
1490 3432 254
1491 35 3433 3434 720 250 3037
1492 3436 3437 527 756 1238
1493 325 395 3438 3439 1148
1494 224 297 3440 2066 883 1493 1046 55 765 223
1495 133 105 2602 78 46 3441 114
1496 992 197 46 526 52 1204 1662 223
1497 96 385 770 1283 2323 2264 124
1498 171 364 80 560 118 87 185 538 830
1499 0 96 1315 199 8 1739 332 337 3443 3356 118 1020
1500 928 36 133 1798 624 3349 1181 3445 1754 637
1501 772 235 1868 301 305 118 55
1502 2434 165 1259 45 46 1231 3446 1016
1503 133 102 171 560 976 87
1504 353 105 107 267 109 46 114 1235 52 55 2877 1662 863
1505 133 102 105 267 78 46 305 190
1506 130 1186 80 372 374 376
1507 353 104 137 45 20 1494 413 472 57 1114 91 61 382 159
1508 2593 196 516 422 295 519 3448 621 1006 888 155
1509 131 132 230 137 3449 237 110 22 472 2777 187 861 127
1510 357 105 457 107 1517 46 1234 275 52 1079 1308 24 3450 572
1511 353 1542 74 78 1395 116 276 55 1369 1754 1756
1512 96 135 87 185 254
1513 128 67 71 136 3084 3187 3453 3452 1565 3454
1514 387 36 2020 391 105 1545 523 109 46 1103 528 821 55 572
1515 34 36 325 42 362 241
1516 3457 3458 3459 36 309 60 2246 1479 843 845 1372 2292 2804 2294 2295 2296 3455
1517 1570 70 135 72 73 807 1623 87 601 378 127
1518 35 165 486 2531 3461 2674 20 52 1236 1526 2969 252 735
1519 1986 197 1126 906 109 53 118 438
1520 608 36 362 568
1521 96 75 43 47 52 118 126
1522 3463 72 237 238 915 254
1523 2627 708 1253 392 105 1389 46 528 55 764
1524 261 357 358 3464 361 3465 3244 80 1368 253 863
1525 109 46 527 141 1140
1526 1091 295 47 696
1527 1347 1349 3300 3466 662 1303 541 191
1528 100 964 746 3468 438 1046
1529 163 2341 230 297 1257 2252 3469 2514
1530 1664 481 354 36 1662 109 55 286
1531 1504 131 133 134 104 137 233 2056 1231 374
1532 96 130 133 72 74 237 115 951 127
1533 133 712 233 842 110 145 1469
1534 2722 1352 617 3471 3409 156 2461
1535 102 1127 136 2512 3472 3473 53 2554 187
1536 2243 3474 3475 2036 3476
1537 385 133 74 80 1918 3379 3477 3478 254
1538 196 3480 3479 1528
1539 196 2884 1961 107 46 530 20 956
1540 2020 137 77 78 79 1359 2485 55 88 538
1541 128 130 133 80 538 127
1542 96 293 295 391 1095 2601 107 46 878 114 53 55 764 190
1543 257 227 487 104 883 729 445 223
1544 1088 1091 3171 109 3352 3483 511
1545 133 134 104 915 564 22 477
1546 1672 2031 22 1528 3484 155 2492
1547 1115 427 209 242 210 250 1980 1854 543
1548 239 81 116 55 87 185
1549 385 130 1889 2953 78 145 276 2071 252 63
1550 1442 35 2340 197 1502 1031 1327 52 439 280 443 1309 286 3487
1551 519 522 155 1308 3488 3489 46 957 582 844 854 1114 356 361 875 763
1552 128 389 136 105 361 107 776 1324 242 118 571 764 190 863
1553 1409 2147 105 171 364 79 698
1554 776 1297 802 3490 804 302 47 713 714 589 208 210 3188 3189
1555 2890 1101
1556 1122 301 45 54 55 2015 2013
1557 354 2290 52 22 55
1558 449 418 707 164 676 2829 2030 2299 465 57 2330 155 158 959
1559 96 1760 3491 137 841 301 126 255
1560 804 932 3492 873 2058 235 941 945 210 914 52
1561 704 289 1216 165 2694 3494 1514 752
1562 131 2501 239 433 821 472 442 187 1278
1563 96 98 130 261 135 74 267 1258 80 81 919 117 118 55
1564 1342 36 325 3495 42 211 632 2009 442 286
1565 512 615 519 3496 395 3497 3375 1586 3220 2365 2423
1566 96 1414 72 3241 1324 80 1200 1364 694 87 127
1567 96 807 776 119 120 601 1307 124 735
1568 96 291 36 199 361 74 3499 941 1969 210 242 1078 26
1569 492 3500 3502 2360
1570 1345 131 41 105 46 78 366 527 87
1571 128 513 104 297 2058 108 111 3186 3503 2644 56 154
1572 770 708 137 361 107 55 187 572
1573 230 2054 74 75 237 80 373 87 184 1020 127
1574 134 171 364 78 46 80 79 206 118 374 863
1575 102 171 267 1324 47 3505 87 2269 254 863
1576 1321 426 1449 912 3508 157
1577 133 102 115 3509 87
1578 2593 738 105 681 235 523 715 114 52 1079 55 1342
1579 80 74 133
1580 224 164 4 871 456 2858 427 971 1262 47 305 242 3510 155
1581 96 257 1058 650 271 1457 118 505 1052 1053 2302
1582 96 131 808 137 1258 267 77 206 79 433 538 923 863
1583 265 2950 382 2302
1584 34 37 391 392 105 107 46 2161 52 1303 764 190
1585 704 289 1216 100 197 3494 1289 945 3511 3512 2522
1586 131 77 206 79 919 117 373 87 184 185
1587 774 715 147 1140 3514
1588 1216 129 132 325 453 7 1029 2887 1388 272 209 735 1073 507 3516 957 63
1589 36 105 46 114 243 52 55 188
1590 105 1259 78 46 305 1589 1016 282 61
1591 903 21 24 155 419 36 46 55 57 187 3517 3518 221 1374 483 105
1592 923 3519
1593 3520 1103 688 306 882 52 222
1594 1186 171 363 79 560 87 184 185 538 254
1595 2048 3521 3522 1859 3523 3524 614 1543 2023 1545 878 2290 799
1596 223 3525 3526 3527 105 110 1469 1526 1181 159
1597 66 674 2566 232 73 75 399 81 951 1202 87 377 127
1598 1140 147
1599 899 1956 3428 807 136 3528 1322 3529 3244 590 366 1487 254
1600 96 2116 1126 3338 3530 3531 653 2319 3533 3534
1601 96 66 131 72 137 74 237 1202 117 185
1602 295 78 46 47 3535 1589 55
1603 36 118 55 159
1604 96 385 36 293 356 388 1318 957 499 729 245 55 57 474 445
1605 73 1612 77 80 117 87 58
1606 131 358 1607 87 1082 1083 445 1310
1607 517 486 1005 1136 1585 3537 3538 3539 3540 727 728 3541 732 509
1608 102 906 715 878 1395 52 1556 282 159
1609 3543 3544 203 3545 919 3546 3542 184 185 2106 1659 540 3547 862
1610 96 102 105 46 560 1523 52 118 55 863
1611 613 45 47 141 53 57 3548 223
1612 128 1923 37 453 136 235 462 1555 118 57 541
1613 708 613 165 3036 1502
1614 96 133 135 75 79 80 115 87 377
1615 96 325 102 243 119 247 124
1616 372 2214 87
1617 3550 134 135 87 88 3549 254
1618 98 131 135 137 1325 81 723 184 185 698
1619 3072 1253 391 295 392 46 755 190 799
1620 2048 3552 66 354 36
1621 261 946 52 2643 1240 3553 482 3555 998 107 113 2292 1397 1526 378 124
1622 96 3556 3558 472 40 104 957 1044 24
1623 26 190
1624 3561 2285 366 1198 270 2488
1625 130 78 919
1626 130 131 132 78 79 80 372 185 254
1627 1184 3493 1127 3562 3563 3565 3566 944 2960 3567 3568 222
1628 96 1122 2074 3569 1523 1754
1629 1218 392 105 878 1103 3441 3570 1140 53 1078 1556 1752 154 891 2815
1630 130 102 902 427 941 302 303 210 216 2554
1631 134 528 1397 55 863 858 1020 861 126 127
1632 320 4 5 678 1604 1608 971 1740 333 307 3572 1271 1272 3574 314
1633 133 361 74 79 80 127
1634 131 134 104 267 47 413
1635 832 2434 133 1255 105 109 46 52 55 91
1636 163 391 105 235 109 55 863
1637 223 105 46 52 53 55 154 382 159
1638 1890 73 41 75 80 371 373 1141 87 3576 127
1639 1697 74 3020 3577 270 1806 406 87 185 3578
1640 293 765 187 557 500 438 474 27 445
1641 1095 712 105 301 46 2719 305 114 498 1874 1875 159
1642 483 22 159
1643 1732 782 241 788 1140 3579 250 347 60
1644 66 675 292 1580 1583 442 3452 3581 542 3583
1645 1699 6 968 331 333 15 2158 273 19 2235 2589
1646 96 1547 1388 653 756 860 575
1647 105 3585 223
1648 1057 98 26 1303 2719
1649 608 98 110 78 47 184 377 1277 191
1650 3586 3588 3589 3590
1651 3168 3170 3173 2984 3593 618 3594 44 46 3595 3596 3597 51 2326
1652 66 131 132 230 72 237 1549 405 3516 539 956
1653 135 1258 171 363 79 3598 115 373 184 185 923
1654 548 141 3599 126 127
1655 100 111 3600 1586 883
1656 3601 3603 3604
1657 2020 295 107 523 1103 112 1396 3605 190
1658 96 1412 72 171 237 79 1199 539
1659 1986 3607 2469 906 2797 210 1012 1015 1502 703
1660 2499 241 242 726 250
1661 3608 715
1662 393 1490 3610 250 1115
1663 3426 676 677 2287 306 3032 221 795 3611
1664 2120 3084 46 2905 3612 765
1665 1258 363 76 79 434 184 185 699 63 127
1666 608 35 2216 141 462 147 1140 2963 3613 3614
1667 1254 871 1606 2567 971 973 2543 114 1523 1016 441 446 3615
1668 96 3616
1669 3617 3618 3619 1124 3620 3621 3622 210 1372
1670 241 36
1671 897 484 2279
1672 385 135 2311 41 75 3624 45 3625 81 951 1465 58 127
1673 1153 2338 772 776 47 437 118 55 184 1525 859
1674 96 357 135 74 77 87 127
1675 512 2593 2467 196 519 1528 3626 460 844 1136 1010 2706 727 856 795 508 735
1676 2662 104 776 235 2476 334 878 114 53 90
1677 1030 528 35 37 3627 2605 46 572 96 1256 107 1389 752 118 119
1678 419 36 1477 42 522 1389 111 52 475 286
1679 135 1258 47 1401 538
1680 1411 133 74 1293 1294 3629 3630 542
1681 2785 2276 3639 3631 3632 3633 3636 3637 3638 1367
1682 617 2065 2353 883 2609 3640 223
1683 928 353 1923 196 197 3398 1136 438 1528 3641 158
1684 1217 450 36 1225 3180 655 947 3092 1878 285
1685 738 998 53 119 1528 1530 3643 510
1686 608 36 141 1140 2647 568
1687 119 2073 124 3645 3644
1688 577 1873 1236 119 729 3646
1689 608 3553 1988 1071 3570 951
1690 128 255 2311 3624 41 75 77 3647 951 87 127
1691 133 74 77 81 863 87 127
1692 356 197 358 776 1098 1503 208 989 2013 212 54 280 1278
1693 128 2689 376 102 136 120 1630
1694 2336 3648 66 134 363 238 435 1143 2485 254 90 1787 126 2335
1695 673 133 109 187
1696 257 3649 1677 883 22 26
1697 2003
1698 131 132 133 137 74 399 22 540 957 254
1699 608 159 3650 45 1807 3282 3347 3580 223
1700 1091 3652 1128 297 1003 108 878 2322 1467 252
1701 96 133 40 109 915 52 1589 118 1502
1702 32 161 1333 3653 3654 3655 3656 3658 727 362 2031 883
1703 45 80 52 540
1704 96 385 1255 79 47 114 184 1502 863
1705 353 104 137 361 1324 1325 957 1487 22 1081 187 1308 413
1706 1183 388 391 105 1416 46 112 187 863
1707 70 3660 2267 2268
1708 36 1126 774 3661 2063 785 2577 3662
1709 132 516 295 1235 117 22 989
1710 1258 3663 1202 1306
1711 352 1091 102 141 47 2586 55 920 2429 3423
1712 391 392 105 107 46 1103 112 528 3664 55 696 764
1713 133 42 267 652 47 1589 118 55
1714 96 1888 98 1410 3142 263 171 269 210 184 185
1715 3298 163 100 708 518 235 46 1103 50 882 53 821
1716 1798 1288 42 45 3665 3261 2998 119 284 125 895
1717 96 802 35 1033 110 3666 118 824 90 767
1718 776 302 47 494 659 118 254
1719 483 231 1257 2985 2353 276 22 891 223
1720 2360 1091 645 3434 623 145 625 3668 3669 2966 24
1721 332 2892 378 879 498 887 1144 442 1020
1722 564 3671
1723 196 20 538 155
1724 164 36 680 887 3673 3674 3675 1308 895
1725 2382 740 2003
1726 96 738 802 301 80 210 242 118
1727 105 1260 109 467 52 918 61 1662 3676
1728 96 897 194 36 171 267 2162 1461 188
1729 105 906 3678 878 3677 670
1730 3680 1901
1731 2401 3682 391 1255 105 78 305 1589 282 190
1732 2498 3683 3684 485 3685 487 3686 3687 685 1326 3022 22 445
1733 288 36 7 3689 655 240 1329 242 217
1734 66 1315 72 492 399 145 433 2835 245 22 1754 126
1735 34 131 196 1122 210 55 24 190 286
1736 2696 171 118 254 859 830
1737 391 392 105 3690 107 3691 46 1103 2739 52 1396 55
1738 1218 134 1545 171 235 109 858 187 254 286
1739 2469 1255 1128 44 3692 111 3441 55 1175 2910
1740 105 1545 1259 46 1231 2992 467 2643 1397 918 55 764
1741 96 70 808 1448 77 80 117 120 2269 127
1742 1248 235 876 3694 154 159
1743 296 254
1744 128 102 232 906 3695 979 980 1556
1745 257 3365 235 2065 3697 307 3698 501 1592 799
1746 171 364 79 47 1814 185
1747 832 136 377 1228 77 184 185
1748 1003 2385 3699 3700 3353 2298 1691
1749 66 102 232 377 185 442 1276 127
1750 105 3186 2900 571
1751 196 74 1612 1202 22 87 3702 185 539 127
1752 102 105 47 210 52 3703 190
1753 771 806 1254 241 755 52
1754 515 510 426 791 2028 54 790 376 795 62 415
1755 827 106 940 3707 3708 1438
1756 34 196 483 486 3709 200 1100 52 727 314 155 763 1309 479
1757 385 66 446 74 75 334 399 276 126
1758 105 953 36 102
1759 519 967 3710 462 2030 2579 2649 508 510 3711
1760 3597 1720 1583 624 50 629 2008 632 1721 2142 2143
1761 35 3715 197 104 105 456 1416 109 46 57 158
1762 834 3716 805 948 52
1763 98 137 74 1324 276 378 923 127
1764 96 1218 389 3717 3718 232 2058 45 141 2703 56 1883 413
1765 32 353 355 1859 1190 1545 2730 950 759 2462
1766 192 827 36 197 3719 956 459 401 1426 438 442 220
1767 130 131 136 74 202 109 80 382
1768 96 802 580 42 243 504 250 125
1769 97 36 740 836 242 726 250 347
1770 993 228 36 998 2856 44 654 54 1752 221
1771 1051 202 363 204 80 2160 1143 185 859
1772 3720 3721 3722 3723 1036 3386 478
1773 515 422 1513 426 3498 3191 601 794 508 1628 735
1774 795 418 1092 965 422 1482 109 3726 3727 3728 531 2579 2264 601 155
1775 864 109 941 1650 54 55 990
1776 770 165 1126 104 235 3407 2065 2193 3730 3731 3732 3733 252 3677 607
1777 1542 1257 106 1385 3734 858 254 863
1778 96 998 776 3735 235 1869 210 52 118 854 282 732
1779 128 418 1956 366 590 1711 594 3736 3738 3739 3295
1780 608 36 141 53 54 1108 154
1781 102 105 46 52 1589 118 3156 282 863
1782 163 1315 870 105 527 1972 2073 472 476 286
1783 128 2311 1624 3741 542
1784 325 241 242 1523 213 1980 126 1151
1785 224 3681 971 460 1338 1646 1455 2674 1237 438 24 314 732 478
1786 96 385 1604 2820 78 1589 2782
1787 2969 155 3743 3744 3746 3748 3749 3750 3752 3753 959 962 1512 763
1788 1304 2594 196 517 198 967 460 2453 727 24 509 2264 479
1789 3073 358 102 3754 395 2736 306 2168 3034
1790 96 1446 391 105 46 243 571 765
1791 163 36 105 106 233 361 1257 110 111 55 413 159
1792 96 295 105 46 1615 528 55 764 446
1793 483 389 3755 45 46 399 1197 1043 276 52 55
1794 105 107 462 1039 1298 52 118
1795 257 879 1105 498 883 277 799
1796 34 578 36 803 42 3756 16 209 210 531 657 756 1777 286 927
1797 483 3757 3758 3759 22 472 1179 1823
1798 356 105 361 107 2281 1078 863
1799 832 1153 98 135 72 137 75 267 206 79 3760 115 184
1800 353 1122 134 3145 236 493 3533 2162 1974 55 1240 2072
1801 137 765 524 1324 46 111 118 187 413
1802 72 137 74 79 80 3761 373 538 923
1803 96 2696 3762 756 118 254
1804 135 363 3213 434 374 184 185 413
1805 293 1541 112 1104 2353 55 57 1341 190
1806 36 3767 109 3769 3766 1209
1807 1122 137 75 267 1868 3533 3506 55 121 1239 572
1808 3772 517 460 1328 1236 727 314 155 3773
1809 481 34 133 231 40 457 107 652 209 1234 1235 1397 858 572
1810 3713 165 70 1671 632 462 622 2476 2703 118 54 24 3775
1811 74 1258 1324 80 916 919 1144 857 254 127
1812 3776 223 165 105 109 111 2065 22 571 252 413 159
1813 133 1258 1324 78 22 187 572 863
1814 354 1858 388 105 118 55 764
1815 3777 3778 516 453 1712 191
1816 290 2531 3780 166 1351 3781 20 279 1051 1725
1817 132 135 72 74 1258 77 81 374 957
1818 74 399 80 55 187
1819 354 356 37 133 1092 2020 41 74 1783 55 1754 1082 27
1820 133 230 237 110 1651 1556 55 184 185 282 923 252 159
1821 96 772 302 52 278 254
1822 97 1122 36 1401 756 217 250
1823 1024 102 776 3016 305 53 920 280 2652 2013 1502
1824 3008 1114 3782 104 143 1494 154 187 158 159
1825 708 3783 250 46 3605 476
1826 4 6 285 545 1442 1315 1699 555 441 446 3784 334 96 871 126
1827 3041 196 1347 200 3785 893 735 883 20 277 278 729 155 445
1828 1952 1798 3787 2060 2094 879 1616 3791 2429 3792 1981
1829 197 165 617 48 3793 3794 883 3795 1433
1830 867 2665 2379 3796 3797 30 191
1831 1167 1745 242 245 726 254 3798 217 126
1832 377 1258 76 206 374 3799 538
1833 1315 100 4 934 8 2158 3470 273 498 116 3800 3801 3802 3803
1834 1760 2976 931 2787 3804 2279 3805 1161 555 1036 1743 3379 245 3388 893 126
1835 192 738 110 78 1015 55 920 282 91
1836 1156 261 276 404 3359 40 957 192 80 87 91 352 102 237 117 378 127
1837 418 301 77 22 87 376 127
1838 803 324 1290 211 1682 1975 2170
1839 1857 135 73 77 237 2071 87 184 955
1840 832 3809 292 133 165 389 41 105 1580 45 2028 48 1777 1395 55 56 442 1277
1841 96 3810 388 293 772 1092 137 303 55 118 54
1842 96 98 130 101 131 1421 79 1199 88 185 126 216
1843 0 655 1427 3228 545 441 444 2255 2256 2005 857 1115 1118 3812 3813 3814 242 1275
1844 1446 3815 3816 3817 3818 589 1076 214 1690 2013
1845 132 3217 406 539 798 2485 951 55 1919 66 98 1143 253 893 254 2175
1846 832 1538 1315 235 3819 46 114 1556 118 694 1590 282 91 830
1847 96 134 102 1261 3569 52 376
1848 66 552 74 204 365 3821 660 185 127
1849 98 263 2696 270 3822 1395 951 473
1850 132 133 237 910 3823 499 22 445
1851 1315 134 46 47 1395 87 2427
1852 1315 36 1092 47 754 52 118
1853 774 1798 40 522 3313 188 252 119 856 124
1854 900 809 78 270 305 115 1589 185 282 671
1855 257 227 196 485 1476 487 3825 1618 22 887 1526 155 156 445 735
1856 712 106 2058 45 495 1393 56 154
1857 1540 2661 141 271 275 499 1140 441
1858 1183 391 105 46 55 863
1859 516 295 1095 523 107 2927 3826 52 765
1860 96 135 1258 47 81 118 374
1861 77 46 141 1232 81 87 55
1862 225 3201 228 677 1444 1992 654 944 657 2975 223
1863 1955 3428 358 998 3528 1322 254
1864 388 105 109 46 878 1555 53 159
1865 2429 1947 1140 141
1866 2210 133 980 3829 3830 377 2076 1439
1867 3714 644 3832 3833 1721 3835
1868 224 1536 354 36 197 388 109 52 57 891 956 221
1869 1347 36 293 356 388 708 105 1092 107 1328 55 572 765 2910
1870 3840 3841 519 1034 908 196 844 100 486 3837 508 763 3836 3838
1871 1216 1 289 3 741 1029 1990 1991 1289 1641 3494 1906 217 284
