entity_id type
0 1
1 1
2 1
3 1
4 1
5 1
6 1
7 1
8 1
9 1
10 1
11 1
12 1
13 1
14 1
15 1
16 1
17 1
18 1
19 1
20 1
21 1
22 1
23 1
24 1
25 1
26 1
27 1
28 1
29 1
30 1
31 1
32 1
33 1
34 1
35 1
36 1
37 1
38 1
39 1
40 1
41 1
42 1
43 1
44 1
45 1
46 1
47 1
48 1
49 1
50 1
51 1
52 1
53 1
54 1
55 1
56 1
57 1
58 1
59 1
60 1
61 1
62 1
63 1
64 1
65 1
66 1
67 1
68 1
69 1
70 1
71 1
72 1
73 1
74 1
75 1
76 1
77 1
78 1
79 1
80 1
81 1
82 1
83 1
84 1
85 1
86 1
87 1
88 1
89 1
90 1
91 1
92 1
93 1
94 1
95 1
96 1
97 1
98 1
99 1
100 1
101 1
102 1
103 1
104 1
105 1
106 1
107 1
108 1
109 1
110 1
111 1
112 1
113 1
114 1
115 1
116 1
117 1
118 1
119 1
120 1
121 1
122 1
123 1
124 1
125 1
126 1
127 1
128 1
129 1
130 1
131 1
132 1
133 1
134 1
135 1
136 1
137 1
138 1
139 1
140 1
141 1
142 1
143 1
144 1
145 1
146 1
147 1
148 1
149 1
150 1
151 1
152 1
153 1
154 1
155 1
156 1
157 1
158 1
159 1
160 1
161 1
162 1
163 1
164 1
165 1
166 1
167 1
168 1
169 1
170 1
171 1
172 1
173 1
174 1
175 1
176 1
177 1
178 1
179 1
180 1
181 1
182 1
183 1
184 1
185 1
186 1
187 1
188 1
189 1
190 1
191 1
192 1
193 1
194 1
195 1
196 1
197 1
198 1
199 1
200 1
201 1
202 1
203 1
204 1
205 1
206 1
207 1
208 1
209 1
210 1
211 1
212 1
213 1
214 1
215 1
216 1
217 1
218 1
219 1
220 1
221 1
222 1
223 1
224 1
225 1
226 1
227 1
228 1
229 1
230 1
231 1
232 1
233 1
234 1
235 1
236 1
237 1
238 1
239 1
240 1
241 1
242 1
243 1
244 1
245 1
246 1
247 1
248 1
249 1
250 1
251 1
252 1
253 1
254 1
255 1
256 1
257 1
258 1
259 1
260 1
261 1
262 1
263 1
264 1
265 1
266 1
267 1
268 1
269 1
270 1
271 1
272 1
273 1
274 1
275 1
276 1
277 1
278 1
279 1
280 1
281 1
282 1
283 1
284 1
285 1
286 1
287 1
288 1
289 1
290 1
291 1
292 1
293 1
294 1
295 1
296 1
297 1
298 1
299 1
300 1
301 1
302 1
303 1
304 1
305 1
306 1
307 1
308 1
309 1
310 1
311 1
312 1
313 1
314 1
315 1
316 1
317 1
318 1
319 1
320 1
321 1
322 1
323 1
324 1
325 1
326 1
327 1
328 1
329 1
330 1
331 1
332 1
333 1
334 1
335 1
336 1
337 1
338 1
339 1
340 1
341 1
342 1
343 1
344 1
345 1
346 1
347 1
348 1
349 1
350 1
351 1
352 1
353 1
354 1
355 1
356 1
357 1
358 1
359 1
360 1
361 1
362 1
363 1
364 1
365 1
366 1
367 1
368 1
369 1
370 1
371 1
372 1
373 1
374 1
375 1
376 1
377 1
378 1
379 1
380 1
381 1
382 1
383 1
384 1
385 1
386 1
387 1
388 1
389 1
390 1
391 1
392 1
393 1
394 1
395 1
396 1
397 1
398 1
399 1
400 1
401 1
402 1
403 1
404 1
405 1
406 1
407 1
408 1
409 1
410 1
411 1
412 1
413 1
414 1
415 1
416 1
417 1
418 1
419 1
420 1
421 1
422 1
423 1
424 1
425 1
426 1
427 1
428 1
429 1
430 1
431 1
432 1
433 1
434 1
435 1
436 1
437 1
438 1
439 1
440 1
441 1
442 1
443 1
444 1
445 1
446 1
447 1
448 1
449 1
450 1
451 1
452 1
453 1
454 1
455 1
456 1
457 1
458 1
459 1
460 1
461 1
462 1
463 1
464 1
465 1
466 1
467 1
468 1
469 1
470 1
471 1
472 1
473 1
474 1
475 1
476 1
477 1
478 1
479 1
480 1
481 1
482 1
483 1
484 1
485 1
486 1
487 1
488 1
489 1
490 1
491 1
492 1
493 1
494 1
495 1
496 1
497 1
498 1
499 1
500 1
501 1
502 1
503 1
504 1
505 1
506 1
507 1
508 1
509 1
510 1
511 1
512 1
513 1
514 1
515 1
516 1
517 1
518 1
519 1
520 1
521 1
522 1
523 1
524 1
525 1
526 1
527 1
528 1
529 1
530 1
531 1
532 1
533 1
534 1
535 1
536 1
537 1
538 1
539 1
540 1
541 1
542 1
543 1
544 1
545 1
546 1
547 1
548 1
549 1
550 1
551 1
552 1
553 1
554 1
555 1
556 1
557 1
558 1
559 1
560 1
561 1
562 1
563 1
564 1
565 1
566 1
567 1
568 1
569 1
570 1
571 1
572 1
573 1
574 1
575 1
576 1
577 1
578 1
579 1
580 1
581 1
582 1
583 1
584 1
585 1
586 1
587 1
588 1
589 1
590 1
591 1
592 1
593 1
594 1
595 1
596 1
597 1
598 1
599 1
600 1
601 1
602 1
603 1
604 1
605 1
606 1
607 1
608 1
609 1
610 1
611 1
612 1
613 1
614 1
615 1
616 1
617 1
618 1
619 1
620 1
621 1
622 1
623 1
624 1
625 1
626 1
627 1
628 1
629 1
630 1
631 1
632 1
633 1
634 1
635 1
636 1
637 1
638 1
639 1
640 1
641 1
642 1
643 1
644 1
645 1
646 1
647 1
648 1
649 1
650 1
651 1
652 1
653 1
654 1
655 1
656 1
657 1
658 1
659 1
660 1
661 1
662 1
663 1
664 1
665 1
666 1
667 1
668 1
669 1
670 1
671 1
672 1
673 1
674 1
675 1
676 1
677 1
678 1
679 1
680 1
681 1
682 1
683 1
684 1
685 1
686 1
687 1
688 1
689 1
690 1
691 1
692 1
693 1
694 1
695 1
696 1
697 1
698 1
699 1
700 1
701 1
702 1
703 1
704 1
705 1
706 1
707 1
708 1
709 1
710 1
711 1
712 1
713 1
714 1
715 1
716 1
717 1
718 1
719 1
720 1
721 1
722 1
723 1
724 1
725 1
726 1
727 1
728 1
729 1
730 1
731 1
732 1
733 1
734 1
735 1
736 1
737 1
738 1
739 1
740 1
741 1
742 1
743 1
744 1
745 1
746 1
747 1
748 1
749 1
750 1
751 1
752 1
753 1
754 1
755 1
756 1
757 1
758 1
759 1
760 1
761 1
762 1
763 1
764 1
765 1
766 1
767 1
768 1
769 1
770 1
771 1
772 1
773 1
774 1
775 1
776 1
777 1
778 1
779 1
780 1
781 1
782 1
783 1
784 1
785 1
786 1
787 1
788 1
789 1
790 1
791 1
792 1
793 1
794 1
795 1
796 1
797 1
798 1
799 1
800 1
801 1
802 1
803 1
804 1
805 1
806 1
807 1
808 1
809 1
810 1
811 1
812 1
813 1
814 1
815 1
816 1
817 1
818 1
819 1
820 1
821 1
822 1
823 1
824 1
825 1
826 1
827 1
828 1
829 1
830 1
831 1
832 1
833 1
834 1
835 1
836 1
837 1
838 1
839 1
840 1
841 1
842 1
843 1
844 1
845 1
846 1
847 1
848 1
849 1
850 1
851 1
852 1
853 1
854 1
855 1
856 1
857 1
858 1
859 1
860 1
861 1
862 1
863 1
864 1
865 1
866 1
867 1
868 1
869 1
870 1
871 1
872 1
873 1
874 1
875 1
876 1
877 1
878 1
879 1
880 1
881 1
882 1
883 1
884 1
885 1
886 1
887 1
888 1
889 1
890 1
891 1
892 1
893 1
894 1
895 1
896 1
897 1
898 1
899 1
900 1
901 1
902 1
903 1
904 1
905 1
906 1
907 1
908 1
909 1
910 1
911 1
912 1
913 1
914 1
915 1
916 1
917 1
918 1
919 1
920 1
921 1
922 1
923 1
924 1
925 1
926 1
927 1
928 1
929 1
930 1
931 1
932 1
933 1
934 1
935 1
936 1
937 1
938 1
939 1
940 1
941 1
942 1
943 1
944 1
945 1
946 1
947 1
948 1
949 1
950 1
951 1
952 1
953 1
954 1
955 1
956 1
957 1
958 1
959 1
960 1
961 1
962 1
963 1
964 1
965 1
966 1
967 1
968 1
969 1
970 1
971 1
972 1
973 1
974 1
975 1
976 1
977 1
978 1
979 1
980 1
981 1
982 1
983 1
984 1
985 1
986 1
987 1
988 1
989 1
990 1
991 1
992 1
993 1
994 1
995 1
996 1
997 1
998 1
999 1
1000 1
1001 1
1002 1
1003 1
1004 1
1005 1
1006 1
1007 1
1008 1
1009 1
1010 1
1011 1
1012 1
1013 1
1014 1
1015 1
1016 1
1017 1
1018 1
1019 1
1020 1
1021 1
1022 1
1023 1
1024 1
1025 1
1026 1
1027 1
1028 1
1029 1
1030 1
1031 1
1032 1
1033 1
1034 1
1035 1
1036 1
1037 1
1038 1
1039 1
1040 1
1041 1
1042 1
1043 1
1044 1
1045 1
1046 1
1047 1
1048 1
1049 1
1050 1
1051 1
1052 1
1053 1
1054 1
1055 1
1056 1
1057 1
1058 1
1059 1
1060 1
1061 1
1062 1
1063 1
1064 1
1065 1
1066 1
1067 1
1068 1
1069 1
1070 1
1071 1
1072 1
1073 1
1074 1
1075 1
1076 1
1077 1
1078 1
1079 1
1080 1
1081 1
1082 1
1083 1
1084 1
1085 1
1086 1
1087 1
1088 1
1089 1
1090 1
1091 1
1092 1
1093 1
1094 1
1095 1
1096 1
1097 1
1098 1
1099 1
1100 1
1101 1
1102 1
1103 1
1104 1
1105 1
1106 1
1107 1
1108 1
1109 1
1110 1
1111 1
1112 1
1113 1
1114 1
1115 1
1116 1
1117 1
1118 1
1119 1
1120 1
1121 1
1122 1
1123 1
1124 1
1125 1
1126 1
1127 1
1128 1
1129 1
1130 1
1131 1
1132 1
1133 1
1134 1
1135 1
1136 1
1137 1
1138 1
1139 1
1140 1
1141 1
1142 1
1143 1
1144 1
1145 1
1146 1
1147 1
1148 1
1149 1
1150 1
1151 1
1152 1
1153 1
1154 1
1155 1
1156 1
1157 1
1158 1
1159 1
1160 1
1161 1
1162 1
1163 1
1164 1
1165 1
1166 1
1167 1
1168 1
1169 1
1170 1
1171 1
1172 1
1173 1
1174 1
1175 1
1176 1
1177 1
1178 1
1179 1
1180 1
1181 1
1182 1
1183 1
1184 1
1185 1
1186 1
1187 1
1188 1
1189 1
1190 1
1191 1
1192 1
1193 1
1194 1
1195 1
1196 1
1197 1
1198 1
1199 1
1200 1
1201 1
1202 1
1203 1
1204 1
1205 1
1206 1
1207 1
1208 1
1209 1
1210 1
1211 1
1212 1
1213 1
1214 1
1215 1
1216 1
1217 1
1218 1
1219 1
1220 1
1221 1
1222 1
1223 1
1224 1
1225 1
1226 1
1227 1
1228 1
1229 1
1230 1
1231 1
1232 1
1233 1
1234 1
1235 1
1236 1
1237 1
1238 1
1239 1
1240 1
1241 1
1242 1
1243 1
1244 1
1245 1
1246 1
1247 1
1248 1
1249 1
1250 1
1251 1
1252 1
1253 1
1254 1
1255 1
1256 1
1257 1
1258 1
1259 1
1260 1
1261 1
1262 1
1263 1
1264 1
1265 1
1266 1
1267 1
1268 1
1269 1
1270 1
1271 1
1272 1
1273 1
1274 1
1275 1
1276 1
1277 1
1278 1
1279 1
1280 1
1281 1
1282 1
1283 1
1284 1
1285 1
1286 1
1287 1
1288 1
1289 1
1290 1
1291 1
1292 1
1293 1
1294 1
1295 1
1296 1
1297 1
1298 1
1299 1
1300 1
1301 1
1302 1
1303 1
1304 1
1305 1
1306 1
1307 1
1308 1
1309 1
1310 1
1311 1
1312 1
1313 1
1314 1
1315 1
1316 1
1317 1
1318 1
1319 1
1320 1
1321 1
1322 1
1323 1
1324 1
1325 1
1326 1
1327 1
1328 1
1329 1
1330 1
1331 1
1332 1
1333 1
1334 1
1335 1
1336 1
1337 1
1338 1
1339 1
1340 1
1341 1
1342 1
1343 1
1344 1
1345 1
1346 1
1347 1
1348 1
1349 1
1350 1
1351 1
1352 1
1353 1
1354 1
1355 1
1356 1
1357 1
1358 1
1359 1
1360 1
1361 1
1362 1
1363 1
1364 1
1365 1
1366 1
1367 1
1368 1
1369 1
1370 1
1371 1
1372 1
1373 1
1374 1
1375 1
1376 1
1377 1
1378 1
1379 1
1380 1
1381 1
1382 1
1383 1
1384 1
1385 1
1386 1
1387 1
1388 1
1389 1
1390 1
1391 1
1392 1
1393 1
1394 1
1395 1
1396 1
1397 1
1398 1
1399 1
1400 1
1401 1
1402 1
1403 1
1404 1
1405 1
1406 1
1407 1
1408 1
1409 1
1410 1
1411 1
1412 1
1413 1
1414 1
1415 1
1416 1
1417 1
1418 1
1419 1
1420 1
1421 1
1422 1
1423 1
1424 1
1425 1
1426 1
1427 1
1428 1
1429 1
1430 1
1431 1
1432 1
1433 1
1434 1
1435 1
1436 1
1437 1
1438 1
1439 1
1440 1
1441 1
1442 1
1443 1
1444 1
1445 1
1446 1
1447 1
1448 1
1449 1
1450 1
1451 1
1452 1
1453 1
1454 1
1455 1
1456 1
1457 1
1458 1
1459 1
1460 1
1461 1
1462 1
1463 1
1464 1
1465 1
1466 1
1467 1
1468 1
1469 1
1470 1
1471 1
1472 1
1473 1
1474 1
1475 1
1476 1
1477 1
1478 1
1479 1
1480 1
1481 1
1482 1
1483 1
1484 1
1485 1
1486 1
1487 1
1488 1
1489 1
1490 1
1491 1
1492 1
1493 1
1494 1
1495 1
1496 1
1497 1
1498 1
1499 1
1500 1
1501 1
1502 1
1503 1
1504 1
1505 1
1506 1
1507 1
1508 1
1509 1
1510 1
1511 1
1512 1
1513 1
1514 1
1515 1
1516 1
1517 1
1518 1
1519 1
1520 1
1521 1
1522 1
1523 1
1524 1
1525 1
1526 1
1527 1
1528 1
1529 1
1530 1
1531 1
1532 1
1533 1
1534 1
1535 1
1536 1
1537 1
1538 1
1539 1
1540 1
1541 1
1542 1
1543 1
1544 1
1545 1
1546 1
1547 1
1548 1
1549 1
1550 1
1551 1
1552 1
1553 1
1554 1
1555 1
1556 1
1557 1
1558 1
1559 1
1560 1
1561 1
1562 1
1563 1
1564 1
1565 1
1566 1
1567 1
1568 1
1569 1
1570 1
1571 1
1572 1
1573 1
1574 1
1575 1
1576 1
1577 1
1578 1
1579 1
1580 1
1581 1
1582 1
1583 1
1584 1
1585 1
1586 1
1587 1
1588 1
1589 1
1590 1
1591 1
1592 1
1593 1
1594 1
1595 1
1596 1
1597 1
1598 1
1599 1
1600 1
1601 1
1602 1
1603 1
1604 1
1605 1
1606 1
1607 1
1608 1
1609 1
1610 1
1611 1
1612 1
1613 1
1614 1
1615 1
1616 1
1617 1
1618 1
1619 1
1620 1
1621 1
1622 1
1623 1
1624 1
1625 1
1626 1
1627 1
1628 1
1629 1
1630 1
1631 1
1632 1
1633 1
1634 1
1635 1
1636 1
1637 1
1638 1
1639 1
1640 1
1641 1
1642 1
1643 1
1644 1
1645 1
1646 1
1647 1
1648 1
1649 1
1650 1
1651 1
1652 1
1653 1
1654 1
1655 1
1656 1
1657 1
1658 1
1659 1
1660 1
1661 1
1662 1
1663 1
1664 1
1665 1
1666 1
1667 1
1668 1
1669 1
1670 1
1671 1
1672 1
1673 1
1674 1
1675 1
1676 1
1677 1
1678 1
1679 1
1680 1
1681 1
1682 1
1683 1
1684 1
1685 1
1686 1
1687 1
1688 1
1689 1
1690 1
1691 1
1692 1
1693 1
1694 1
1695 1
1696 1
1697 1
1698 1
1699 1
1700 1
1701 1
1702 1
1703 1
1704 1
1705 1
1706 1
1707 1
1708 1
1709 1
1710 1
1711 1
1712 1
1713 1
1714 1
1715 1
1716 1
1717 1
1718 1
1719 1
1720 1
1721 1
1722 1
1723 1
1724 1
1725 1
1726 1
1727 1
1728 1
1729 1
1730 1
1731 1
1732 1
1733 1
1734 1
1735 1
1736 1
1737 1
1738 1
1739 1
1740 1
1741 1
1742 1
1743 1
1744 1
1745 1
1746 1
1747 1
1748 1
1749 1
1750 1
1751 1
1752 1
1753 1
1754 1
1755 1
1756 1
1757 1
1758 1
1759 1
1760 1
1761 1
1762 1
1763 1
1764 1
1765 1
1766 1
1767 1
1768 1
1769 1
1770 1
1771 1
1772 1
1773 1
1774 1
1775 1
1776 1
1777 1
1778 1
1779 1
1780 1
1781 1
1782 1
1783 1
1784 1
1785 1
1786 1
1787 1
1788 1
1789 1
1790 1
1791 1
1792 1
1793 1
1794 1
1795 1
1796 1
1797 1
1798 1
1799 1
1800 1
1801 1
1802 1
1803 1
1804 1
1805 1
1806 1
1807 1
1808 1
1809 1
1810 1
1811 1
1812 1
1813 1
1814 1
1815 1
1816 1
1817 1
1818 1
1819 1
1820 1
1821 1
1822 1
1823 1
1824 1
1825 1
1826 1
1827 1
1828 1
1829 1
1830 1
1831 1
1832 1
1833 1
1834 1
1835 1
1836 1
1837 1
1838 1
1839 1
1840 1
1841 1
1842 1
1843 1
1844 1
1845 1
1846 1
1847 1
1848 1
1849 1
1850 1
1851 1
1852 1
1853 1
1854 1
1855 1
1856 1
1857 1
1858 1
1859 1
1860 1
1861 1
1862 1
1863 1
1864 1
1865 1
1866 1
1867 1
1868 1
1869 1
1870 1
1871 1
1872 1
1873 1
1874 1
1875 1
1876 1
1877 1
1878 1
1879 1
1880 1
1881 1
1882 1
1883 1
1884 1
1885 1
1886 1
1887 1
1888 1
1889 1
1890 1
1891 1
1892 1
1893 1
1894 1
1895 1
1896 1
1897 1
1898 1
1899 1
1900 1
1901 1
1902 1
1903 1
1904 1
1905 1
1906 1
1907 1
1908 1
1909 1
1910 1
1911 1
1912 1
1913 1
1914 1
1915 1
1916 1
1917 1
1918 1
1919 1
1920 1
1921 1
1922 1
1923 1
1924 1
1925 1
1926 1
1927 1
1928 1
1929 1
1930 1
1931 1
1932 1
1933 1
1934 1
1935 1
1936 1
1937 1
1938 1
1939 1
1940 1
1941 1
1942 1
1943 1
1944 1
1945 1
1946 1
1947 1
1948 1
1949 1
1950 1
1951 1
1952 1
1953 1
1954 1
1955 1
1956 1
1957 1
1958 1
1959 1
1960 1
1961 1
1962 1
1963 1
1964 1
1965 1
1966 1
1967 1
1968 1
1969 1
1970 1
1971 1
1972 1
1973 1
1974 1
1975 1
1976 1
1977 1
1978 1
1979 1
1980 1
1981 1
1982 1
1983 1
1984 1
1985 1
1986 1
1987 1
1988 1
1989 1
1990 1
1991 1
1992 1
1993 1
1994 1
1995 1
1996 1
1997 1
1998 1
1999 1
2000 1
2001 1
2002 1
2003 1
2004 1
2005 1
2006 1
2007 1
2008 1
2009 1
2010 1
2011 1
2012 1
2013 1
2014 1
2015 1
2016 1
2017 1
2018 1
2019 1
2020 1
2021 1
2022 1
2023 1
2024 1
2025 1
2026 1
2027 1
2028 1
2029 1
2030 1
2031 1
2032 1
2033 1
2034 1
2035 1
2036 1
2037 1
2038 1
2039 1
2040 1
2041 1
2042 1
2043 1
2044 1
2045 1
2046 1
2047 1
2048 1
2049 1
2050 1
2051 1
2052 1
2053 1
2054 1
2055 1
2056 1
2057 1
2058 1
2059 1
2060 1
2061 1
2062 1
2063 1
2064 1
2065 1
2066 1
2067 1
2068 1
2069 1
2070 1
2071 1
2072 1
2073 1
2074 1
2075 1
2076 1
2077 1
2078 1
2079 1
2080 1
2081 1
2082 1
2083 1
2084 1
2085 1
2086 1
2087 1
2088 1
2089 1
2090 1
2091 1
2092 1
2093 1
2094 1
2095 1
2096 1
2097 1
2098 1
2099 1
2100 1
2101 1
2102 1
2103 1
2104 1
2105 1
2106 1
2107 1
2108 1
2109 1
2110 1
2111 1
2112 1
2113 1
2114 1
2115 1
2116 1
2117 1
2118 1
2119 1
2120 1
2121 1
2122 1
2123 1
2124 1
2125 1
2126 1
2127 1
2128 1
2129 1
2130 1
2131 1
2132 1
2133 1
2134 1
2135 1
2136 1
2137 1
2138 1
2139 1
2140 1
2141 1
2142 1
2143 1
2144 1
2145 1
2146 1
2147 1
2148 1
2149 1
2150 1
2151 1
2152 1
2153 1
2154 1
2155 1
2156 1
2157 1
2158 1
2159 1
2160 1
2161 1
2162 1
2163 1
2164 1
2165 1
2166 1
2167 1
2168 1
2169 1
2170 1
2171 1
2172 1
2173 1
2174 1
2175 1
2176 1
2177 1
2178 1
2179 1
2180 1
2181 1
2182 1
2183 1
2184 1
2185 1
2186 1
2187 1
2188 1
2189 1
2190 1
2191 1
2192 1
2193 1
2194 1
2195 1
2196 1
2197 1
2198 1
2199 1
2200 1
2201 1
2202 1
2203 1
2204 1
2205 1
2206 1
2207 1
2208 1
2209 1
2210 1
2211 1
2212 1
2213 1
2214 1
2215 1
2216 1
2217 1
2218 1
2219 1
2220 1
2221 1
2222 1
2223 1
2224 1
2225 1
2226 1
2227 1
2228 1
2229 1
2230 1
2231 1
2232 1
2233 1
2234 1
2235 1
2236 1
2237 1
2238 1
2239 1
2240 1
2241 1
2242 1
2243 1
2244 1
2245 1
2246 1
2247 1
2248 1
2249 1
2250 1
2251 1
2252 1
2253 1
2254 1
2255 1
2256 1
2257 1
2258 1
2259 1
2260 1
2261 1
2262 1
2263 1
2264 1
2265 1
2266 1
2267 1
2268 1
2269 1
2270 1
2271 1
2272 1
2273 1
2274 1
2275 1
2276 1
2277 1
2278 1
2279 1
2280 1
2281 1
2282 1
2283 1
2284 1
2285 1
2286 1
2287 1
2288 1
2289 1
2290 1
2291 1
2292 1
2293 1
2294 1
2295 1
2296 1
2297 1
2298 1
2299 1
2300 1
2301 1
2302 1
2303 1
2304 1
2305 1
2306 1
2307 1
2308 1
2309 1
2310 1
2311 1
2312 1
2313 1
2314 1
2315 1
2316 1
2317 1
2318 1
2319 1
2320 1
2321 1
2322 1
2323 1
2324 1
2325 1
2326 1
2327 1
2328 1
2329 1
2330 1
2331 1
2332 1
2333 1
2334 1
2335 1
2336 1
2337 1
2338 1
2339 1
2340 1
2341 1
2342 1
2343 1
2344 1
2345 1
2346 1
2347 2
2348 3
2349 2
2350 4
2351 3
2352 5
2353 6
2354 4
2355 2
2356 6
2357 2
2358 7
2359 8
2360 5
2361 4
2362 4
2363 8
2364 4
2365 2
2366 2
2367 4
2368 4
2369 2
2370 5
2371 4
2372 5
2373 7
2374 2
2375 4
2376 6
2377 2
2378 4
2379 2
2380 2
2381 3
2382 2
2383 5
2384 8
2385 2
2386 4
2387 5
2388 5
2389 2
2390 4
2391 2
2392 2
2393 8
2394 2
2395 2
2396 2
2397 6
2398 4
2399 5
2400 5
2401 5
2402 5
2403 4
2404 4
2405 2
2406 2
2407 5
2408 2
2409 2
2410 4
2411 2
2412 3
2413 6
2414 8
2415 2
2416 2
2417 7
2418 8
2419 2
2420 5
2421 8
2422 8
2423 8
2424 5
2425 2
2426 5
2427 8
2428 8
2429 8
2430 8
2431 2
2432 2
2433 5
2434 2
2435 2
2436 2
2437 8
2438 2
2439 8
2440 2
2441 5
2442 8
2443 8
2444 5
2445 2
2446 5
2447 2
2448 5
2449 5
2450 3
2451 8
2452 2
2453 2
2454 5
2455 8
2456 2
2457 8
2458 5
2459 8
2460 4
2461 2
2462 8
2463 3
2464 2
2465 4
2466 2
2467 2
2468 4
2469 3
2470 2
2471 8
2472 2
2473 8
2474 2
2475 2
2476 2
2477 6
2478 2
2479 8
2480 8
2481 2
2482 2
2483 8
2484 3
2485 8
2486 8
2487 8
2488 2
2489 5
2490 2
2491 5
2492 8
2493 5
2494 8
2495 5
2496 2
2497 2
2498 8
2499 5
2500 2
2501 5
2502 8
2503 5
2504 2
2505 2
2506 2
2507 8
2508 5
2509 8
2510 2
2511 5
2512 5
2513 8
2514 5
2515 5
2516 8
2517 2
2518 6
2519 2
2520 8
2521 5
2522 8
2523 2
2524 2
2525 8
2526 2
2527 2
2528 2
2529 5
2530 2
2531 5
2532 5
2533 8
2534 2
2535 2
2536 5
2537 5
2538 2
2539 5
2540 3
2541 2
2542 8
2543 2
2544 2
2545 5
2546 2
2547 8
2548 5
2549 2
2550 2
2551 2
2552 2
2553 5
2554 8
2555 8
2556 8
2557 2
2558 3
2559 8
2560 2
2561 2
2562 3
2563 5
2564 2
2565 4
2566 5
2567 8
2568 5
2569 8
2570 5
2571 2
2572 5
2573 2
2574 4
2575 8
2576 2
2577 2
2578 5
2579 8
2580 2
2581 2
2582 5
2583 2
2584 2
2585 2
2586 3
2587 2
2588 2
2589 2
2590 5
2591 8
2592 2
2593 5
2594 8
2595 8
2596 5
2597 2
2598 8
2599 5
2600 8
2601 2
2602 2
2603 2
2604 5
2605 5
2606 8
2607 5
2608 2
2609 2
2610 5
2611 2
2612 8
2613 5
2614 2
2615 2
2616 2
2617 5
2618 5
2619 8
2620 2
2621 2
2622 2
2623 7
2624 8
2625 2
2626 2
2627 8
2628 5
2629 5
2630 2
2631 2
2632 2
2633 2
2634 2
2635 2
2636 8
2637 2
2638 2
2639 2
2640 8
2641 2
2642 5
2643 2
2644 8
2645 2
2646 2
2647 3
2648 2
2649 5
2650 2
2651 2
2652 5
2653 5
2654 3
2655 5
2656 2
2657 8
2658 5
2659 2
2660 2
2661 8
2662 2
2663 2
2664 2
2665 8
2666 2
2667 2
2668 8
2669 2
2670 5
2671 2
2672 5
2673 2
2674 5
2675 2
2676 2
2677 5
2678 8
2679 5
2680 5
2681 5
2682 2
2683 5
2684 3
2685 8
2686 2
2687 5
2688 8
2689 5
2690 2
2691 2
2692 5
2693 2
2694 5
2695 2
2696 2
2697 2
2698 5
2699 5
2700 5
2701 8
2702 2
2703 5
2704 8
2705 2
2706 5
2707 5
2708 2
2709 5
2710 4
2711 2
2712 8
2713 2
2714 8
2715 5
2716 8
2717 2
2718 2
2719 8
2720 2
2721 2
2722 8
2723 5
2724 8
2725 5
2726 5
2727 2
2728 2
2729 5
2730 8
2731 2
2732 8
2733 5
2734 8
2735 2
2736 2
2737 8
2738 2
2739 2
2740 8
2741 2
2742 2
2743 3
2744 2
2745 2
2746 2
2747 3
2748 8
2749 2
2750 2
2751 5
2752 2
2753 2
2754 2
2755 8
2756 5
2757 3
2758 2
2759 8
2760 2
2761 2
2762 2
2763 2
2764 8
2765 2
2766 2
2767 8
2768 2
2769 8
2770 2
2771 8
2772 2
2773 6
2774 2
2775 2
2776 5
2777 8
2778 2
2779 8
2780 3
2781 2
2782 2
2783 8
2784 2
2785 8
2786 2
2787 2
2788 2
2789 2
2790 8
2791 7
2792 2
2793 2
2794 8
2795 2
2796 2
2797 4
2798 8
2799 5
2800 2
2801 5
2802 2
2803 2
2804 5
2805 5
2806 2
2807 2
2808 5
2809 2
2810 8
2811 8
2812 8
2813 8
2814 5
2815 5
2816 2
2817 5
2818 2
2819 8
2820 2
2821 5
2822 2
2823 2
2824 8
2825 3
2826 8
2827 8
2828 3
2829 8
2830 2
2831 2
2832 8
2833 5
2834 2
2835 5
2836 8
2837 2
2838 2
2839 8
2840 2
2841 3
2842 5
2843 2
2844 2
2845 2
2846 5
2847 2
2848 2
2849 2
2850 2
2851 2
2852 8
2853 5
2854 5
2855 2
2856 2
2857 2
2858 2
2859 8
2860 8
2861 8
2862 2
2863 5
2864 5
2865 5
2866 8
2867 5
2868 2
2869 8
2870 2
2871 5
2872 2
2873 2
2874 5
2875 5
2876 2
2877 5
2878 5
2879 8
2880 8
2881 5
2882 5
2883 2
2884 8
2885 5
2886 2
2887 3
2888 5
2889 2
2890 2
2891 2
2892 8
2893 5
2894 2
2895 2
2896 2
2897 5
2898 2
2899 5
2900 2
2901 2
2902 8
2903 2
2904 2
2905 5
2906 2
2907 8
2908 2
2909 8
2910 8
2911 8
2912 2
2913 5
2914 2
2915 2
2916 5
2917 2
2918 8
2919 8
2920 2
2921 2
2922 8
2923 2
2924 2
2925 8
2926 8
2927 2
2928 2
2929 5
2930 2
2931 2
2932 5
2933 8
2934 2
2935 5
2936 2
2937 2
2938 2
2939 5
2940 5
2941 2
2942 8
2943 5
2944 2
2945 5
2946 5
2947 2
2948 2
2949 2
2950 2
2951 8
2952 2
2953 8
2954 2
2955 8
2956 8
2957 2
2958 2
2959 8
2960 2
2961 8
2962 2
2963 8
2964 5
2965 2
2966 3
2967 5
2968 2
2969 8
2970 8
2971 2
2972 2
2973 5
2974 8
2975 2
2976 8
2977 2
2978 2
2979 5
2980 5
2981 2
2982 5
2983 2
2984 8
2985 5
2986 2
2987 8
2988 5
2989 5
2990 2
2991 5
2992 2
2993 5
2994 2
2995 2
2996 2
2997 5
2998 5
2999 2
3000 5
3001 2
3002 5
3003 2
3004 5
3005 8
3006 2
3007 2
3008 2
3009 5
3010 8
3011 8
3012 8
3013 2
3014 2
3015 2
3016 2
3017 5
3018 3
3019 2
3020 5
3021 2
3022 2
3023 2
3024 2
3025 2
3026 5
3027 2
3028 8
3029 5
3030 8
3031 2
3032 2
3033 2
3034 2
3035 2
3036 8
3037 2
3038 2
3039 2
3040 8
3041 2
3042 8
3043 5
3044 6
3045 2
3046 5
3047 5
3048 2
3049 2
3050 5
3051 2
3052 2
3053 5
3054 2
3055 2
3056 2
3057 5
3058 2
3059 5
3060 2
3061 2
3062 2
3063 2
3064 2
3065 2
3066 2
3067 5
3068 2
3069 2
3070 5
3071 5
3072 2
3073 8
3074 8
3075 2
3076 2
3077 8
3078 2
3079 8
3080 2
3081 2
3082 2
3083 2
3084 5
3085 2
3086 5
3087 2
3088 5
3089 2
3090 2
3091 5
3092 5
3093 2
3094 2
3095 2
3096 8
3097 8
3098 5
3099 8
3100 2
3101 2
3102 5
3103 5
3104 2
3105 2
3106 2
3107 2
3108 2
3109 2
3110 8
3111 5
3112 8
3113 5
3114 2
3115 5
3116 2
3117 2
3118 2
3119 2
3120 5
3121 2
3122 2
3123 5
3124 2
3125 5
3126 5
3127 2
3128 8
3129 5
3130 2
3131 8
3132 2
3133 2
3134 2
3135 5
3136 2
3137 2
3138 2
3139 2
3140 2
3141 2
3142 8
3143 5
3144 2
3145 2
3146 2
3147 2
3148 5
3149 5
3150 5
3151 2
3152 2
3153 2
3154 8
3155 2
3156 5
3157 5
3158 5
3159 5
3160 5
3161 8
3162 5
3163 2
3164 2
3165 2
3166 2
3167 5
3168 8
3169 2
3170 2
3171 8
3172 2
3173 2
3174 5
3175 2
3176 8
3177 2
3178 5
3179 2
3180 2
3181 2
3182 2
3183 8
3184 2
3185 2
3186 5
3187 5
3188 8
3189 2
3190 5
3191 2
3192 5
3193 2
3194 8
3195 2
3196 3
3197 5
3198 2
3199 2
3200 5
3201 2
3202 2
3203 2
3204 2
3205 5
3206 2
3207 8
3208 5
3209 5
3210 2
3211 2
3212 8
3213 8
3214 2
3215 5
3216 2
3217 5
3218 8
3219 2
3220 8
3221 2
3222 3
3223 3
3224 2
3225 2
3226 2
3227 5
3228 2
3229 8
3230 2
3231 5
3232 2
3233 8
3234 2
3235 8
3236 2
3237 2
3238 2
3239 2
3240 8
3241 2
3242 8
3243 2
3244 8
3245 2
3246 2
3247 2
3248 2
3249 2
3250 2
3251 8
3252 2
3253 2
3254 3
3255 8
3256 8
3257 2
3258 2
3259 2
3260 5
3261 2
3262 5
3263 8
3264 8
3265 2
3266 2
3267 5
3268 2
3269 8
3270 8
3271 2
3272 8
3273 5
3274 2
3275 8
3276 5
3277 2
3278 5
3279 8
3280 2
3281 2
3282 5
3283 8
3284 5
3285 8
3286 8
3287 5
3288 5
3289 5
3290 2
3291 2
3292 2
3293 2
3294 2
3295 5
3296 2
3297 5
3298 2
3299 2
3300 5
3301 5
3302 2
3303 2
3304 5
3305 5
3306 8
3307 3
3308 8
3309 5
3310 8
3311 5
3312 5
3313 2
3314 2
3315 2
3316 5
3317 2
3318 8
3319 2
3320 2
3321 2
3322 2
3323 8
3324 8
3325 2
3326 8
3327 5
3328 2
3329 2
3330 8
3331 2
3332 8
3333 2
3334 5
3335 8
3336 2
3337 8
3338 5
3339 2
3340 2
3341 2
3342 2
3343 5
3344 5
3345 2
3346 2
3347 8
3348 2
3349 5
3350 2
3351 5
3352 8
3353 5
3354 8
3355 6
3356 5
3357 2
3358 8
3359 2
3360 2
3361 8
3362 2
3363 2
3364 2
3365 2
3366 2
3367 2
3368 2
3369 8
3370 2
3371 2
3372 2
3373 5
3374 5
3375 2
3376 8
3377 5
3378 8
3379 2
3380 2
3381 5
3382 5
3383 2
3384 2
3385 8
3386 5
3387 5
3388 8
3389 5
3390 2
3391 2
3392 2
3393 2
3394 5
3395 2
3396 2
3397 5
3398 2
3399 5
3400 5
3401 5
3402 5
3403 5
3404 8
3405 8
3406 5
3407 5
3408 5
3409 5
3410 2
3411 2
3412 8
3413 8
3414 5
3415 5
3416 5
3417 8
3418 2
3419 8
3420 5
3421 2
3422 5
3423 2
3424 2
3425 2
3426 5
3427 8
3428 2
3429 2
3430 8
3431 2
3432 2
3433 2
3434 8
3435 5
3436 2
3437 5
3438 5
3439 2
3440 5
3441 5
3442 2
3443 2
3444 8
3445 8
3446 5
3447 8
3448 2
3449 2
3450 2
3451 2
3452 2
3453 5
3454 8
3455 2
3456 8
3457 8
3458 2
3459 8
3460 8
3461 2
3462 2
3463 5
3464 8
3465 2
3466 2
3467 8
3468 8
3469 5
3470 2
3471 8
3472 5
3473 2
3474 8
3475 5
3476 2
3477 2
3478 3
3479 2
3480 5
3481 8
3482 5
3483 5
3484 8
3485 2
3486 5
3487 2
3488 5
3489 5
3490 8
3491 2
3492 8
3493 2
3494 2
3495 5
3496 8
3497 8
3498 2
3499 8
3500 5
3501 5
3502 2
3503 2
3504 2
3505 5
3506 2
3507 8
3508 2
3509 2
3510 2
3511 2
3512 8
3513 8
3514 2
3515 5
3516 5
3517 5
3518 8
3519 2
3520 5
3521 2
3522 2
3523 5
3524 5
3525 2
3526 2
3527 5
3528 8
3529 2
3530 2
3531 5
3532 5
3533 5
3534 5
3535 5
3536 8
3537 2
3538 5
3539 2
3540 8
3541 5
3542 8
3543 8
3544 2
3545 5
3546 8
3547 2
3548 5
3549 3
3550 2
3551 5
3552 8
3553 8
3554 2
3555 2
3556 2
3557 5
3558 8
3559 5
3560 5
3561 5
3562 2
3563 2
3564 8
3565 2
3566 5
3567 2
3568 2
3569 2
3570 8
3571 2
3572 2
3573 2
3574 2
3575 2
3576 3
3577 5
3578 5
3579 8
3580 2
3581 8
3582 2
3583 8
3584 5
3585 2
3586 8
3587 5
3588 8
3589 5
3590 3
3591 8
3592 8
3593 5
3594 8
3595 5
3596 2
3597 2
3598 2
3599 8
3600 5
3601 2
3602 2
3603 2
3604 5
3605 2
3606 2
3607 2
3608 2
3609 8
3610 2
3611 2
3612 2
3613 8
3614 8
3615 2
3616 8
3617 5
3618 2
3619 2
3620 2
3621 8
3622 8
3623 5
3624 5
3625 2
3626 8
3627 2
3628 8
3629 2
3630 2
3631 2
3632 5
3633 5
3634 2
3635 5
3636 5
3637 2
3638 5
3639 8
3640 5
3641 8
3642 3
3643 5
3644 5
3645 2
3646 5
3647 2
3648 2
3649 5
3650 8
3651 2
3652 5
3653 8
3654 5
3655 5
3656 5
3657 8
3658 2
3659 8
3660 8
3661 2
3662 5
3663 8
3664 5
3665 5
3666 8
3667 8
3668 2
3669 5
3670 2
3671 5
3672 2
3673 3
3674 2
3675 8
3676 2
3677 2
3678 2
3679 3
3680 2
3681 5
3682 5
3683 3
3684 2
3685 2
3686 2
3687 5
3688 5
3689 8
3690 8
3691 8
3692 8
3693 2
3694 5
3695 2
3696 2
3697 2
3698 2
3699 5
3700 8
3701 5
3702 8
3703 8
3704 2
3705 2
3706 5
3707 5
3708 8
3709 8
3710 2
3711 2
3712 2
3713 2
3714 2
3715 5
3716 8
3717 5
3718 8
3719 2
3720 8
3721 2
3722 2
3723 2
3724 8
3725 2
3726 2
3727 5
3728 5
3729 5
3730 2
3731 8
3732 8
3733 2
3734 2
3735 2
3736 2
3737 2
3738 2
3739 2
3740 2
3741 5
3742 8
3743 2
3744 2
3745 2
3746 8
3747 2
3748 2
3749 2
3750 8
3751 8
3752 2
3753 8
3754 8
3755 8
3756 8
3757 8
3758 5
3759 2
3760 8
3761 2
3762 8
3763 2
3764 2
3765 5
3766 2
3767 2
3768 2
3769 2
3770 2
3771 2
3772 2
3773 2
3774 2
3775 2
3776 8
3777 2
3778 8
3779 2
3780 2
3781 2
3782 3
3783 2
3784 8
3785 2
3786 2
3787 8
3788 2
3789 2
3790 2
3791 2
3792 8
3793 2
3794 2
3795 5
3796 5
3797 2
3798 2
3799 8
3800 5
3801 5
3802 8
3803 2
3804 2
3805 2
3806 5
3807 8
3808 2
3809 5
3810 8
3811 5
3812 5
3813 2
3814 8
3815 2
3816 2
3817 5
3818 5
3819 2
3820 2
3821 5
3822 5
3823 5
3824 2
3825 2
3826 5
3827 5
3828 5
3829 2
3830 2
3831 2
3832 2
3833 2
3834 5
3835 8
3836 2
3837 2
3838 2
3839 8
3840 2
3841 8
3842 2
3843 8
3844 5
3845 8
3846 2
3847 5
3848 2
3849 5
3850 5
3851 5
3852 2
3853 2
3854 2
3855 2
3856 2
3857 8
3858 5
3859 8
3860 5
3861 2
3862 8
3863 2
3864 5
3865 2
3866 2
3867 2
3868 2
3869 2
3870 2
3871 2
3872 2
3873 2
3874 2
3875 2
3876 2
3877 8
3878 5
3879 2
3880 8
3881 2
3882 2
3883 2
3884 5
3885 8
3886 5
3887 2
3888 2
3889 8
3890 2
3891 8
3892 8
3893 2
3894 8
3895 5
3896 5
3897 5
3898 8
3899 5
3900 2
3901 5
3902 8
3903 2
3904 8
3905 5
3906 2
3907 8
3908 5
3909 2
3910 5
3911 2
3912 8
3913 5
3914 2
3915 2
3916 2
3917 2
3918 2
3919 2
3920 2
3921 2
3922 5
3923 2
3924 5
3925 2
3926 2
3927 5
3928 8
3929 5
3930 2
3931 2
3932 2
3933 5
3934 5
3935 8
3936 8
3937 2
3938 2
3939 5
3940 2
3941 2
3942 5
3943 2
3944 2
3945 5
3946 8
3947 8
3948 3
3949 5
3950 5
3951 5
3952 8
3953 5
3954 2
3955 2
3956 8
3957 2
3958 2
3959 2
3960 2
3961 2
3962 8
3963 8
3964 5
3965 5
3966 5
3967 8
3968 5
3969 2
3970 2
3971 2
3972 5
3973 2
3974 8
3975 5
3976 5
3977 2
3978 2
3979 5
3980 2
3981 5
3982 5
3983 2
3984 2
3985 8
3986 2
3987 2
3988 2
3989 2
3990 2
3991 2
3992 8
3993 2
3994 5
3995 2
3996 2
3997 2
3998 2
3999 2
4000 2
4001 2
4002 2
4003 2
4004 2
4005 5
4006 2
4007 2
4008 5
4009 8
4010 2
4011 2
4012 2
4013 2
4014 8
4015 2
4016 2
4017 5
4018 5
4019 2
4020 8
4021 2
4022 2
4023 2
4024 2
4025 8
4026 8
4027 2
4028 2
4029 3
4030 2
4031 8
4032 8
4033 5
4034 2
4035 3
4036 2
4037 5
4038 8
4039 5
4040 5
4041 5
4042 2
4043 5
4044 2
4045 8
4046 8
4047 2
4048 2
4049 3
4050 5
4051 8
4052 2
4053 2
4054 2
4055 2
4056 8
4057 8
4058 5
4059 2
4060 2
4061 2
4062 2
4063 2
4064 5
4065 2
4066 5
4067 5
4068 2
4069 8
4070 2
4071 2
4072 2
4073 5
4074 2
4075 2
4076 2
4077 5
4078 5
4079 5
4080 5
4081 8
4082 2
4083 2
4084 2
4085 8
4086 2
4087 8
4088 3
4089 8
4090 5
4091 2
4092 5
4093 2
4094 8
4095 2
4096 8
4097 2
4098 2
4099 2
4100 5
4101 2
4102 5
4103 8
4104 2
4105 5
4106 2
4107 2
4108 8
4109 2
4110 5
4111 2
4112 2
4113 2
4114 2
4115 2
4116 8
4117 2
4118 8
4119 2
4120 2
4121 5
4122 5
4123 2
4124 2
4125 2
4126 2
4127 2
4128 8
4129 2
4130 5
4131 8
4132 2
4133 2
4134 2
4135 5
4136 2
4137 2
4138 8
4139 2
4140 2
4141 2
4142 2
4143 2
4144 2
4145 2
4146 5
4147 2
4148 8
4149 5
4150 2
4151 5
4152 2
4153 2
4154 5
4155 5
4156 8
4157 8
4158 2
4159 5
4160 2
4161 2
4162 5
4163 2
4164 5
4165 8
4166 2
4167 8
4168 5
4169 8
4170 3
4171 2
4172 5
4173 5
4174 2
4175 5
4176 8
4177 5
4178 5
4179 8
4180 2
4181 2
4182 8
4183 5
4184 2
4185 5
4186 2
4187 8
4188 2
4189 8
4190 2
4191 2
4192 8
4193 2
4194 2
4195 5
4196 5
4197 2
4198 2
4199 2
4200 5
4201 5
4202 2
4203 8
4204 5
4205 2
4206 5
4207 2
4208 5
4209 8
4210 2
4211 8
4212 2
4213 8
4214 2
4215 5
4216 5
4217 8
4218 2
4219 2
4220 8
4221 5
4222 5
4223 2
4224 2
4225 2
4226 5
4227 2
4228 8
4229 8
4230 3
4231 8
4232 5
4233 8
4234 2
4235 2
4236 5
4237 8
4238 2
4239 2
4240 2
4241 2
4242 2
4243 5
4244 2
4245 5
4246 2
4247 2
4248 2
4249 2
4250 3
4251 2
4252 2
4253 5
4254 2
4255 8
4256 5
4257 8
4258 8
4259 5
4260 2
4261 2
4262 2
4263 2
4264 2
4265 2
4266 2
4267 8
4268 2
4269 5
4270 8
4271 2
4272 5
4273 2
4274 8
4275 8
4276 8
4277 2
4278 2
4279 5
4280 5
4281 8
4282 5
4283 5
4284 2
4285 5
4286 2
4287 2
4288 3
4289 8
4290 2
4291 2
4292 5
4293 2
4294 2
4295 2
4296 2
4297 2
4298 2
4299 8
4300 8
4301 2
4302 2
4303 5
4304 3
4305 2
4306 5
4307 5
4308 8
4309 8
4310 8
4311 2
4312 8
4313 5
4314 2
4315 8
4316 2
4317 2
4318 2
4319 2
4320 2
4321 8
4322 8
4323 8
4324 2
4325 2
4326 2
4327 5
4328 8
4329 5
4330 2
4331 2
4332 2
4333 8
4334 2
4335 2
4336 2
4337 2
4338 2
4339 2
4340 2
4341 2
4342 2
4343 2
4344 5
4345 2
4346 5
4347 2
4348 5
4349 8
4350 2
4351 2
4352 5
4353 8
4354 2
4355 5
4356 2
4357 2
4358 5
4359 2
4360 2
4361 2
4362 5
4363 8
4364 8
4365 8
4366 8
4367 5
4368 5
4369 2
4370 5
4371 5
4372 2
4373 8
4374 5
4375 8
4376 5
4377 8
4378 2
4379 2
4380 8
4381 8
4382 5
4383 8
4384 8
4385 5
4386 5
4387 2
4388 2
4389 2
4390 8
4391 5
4392 2
4393 2
4394 5
4395 2
4396 2
4397 8
4398 2
4399 2
4400 2
4401 5
4402 2
4403 8
4404 5
4405 8
4406 2
4407 2
4408 2
4409 2
4410 8
4411 5
4412 8
4413 3
4414 2
4415 2
4416 2
4417 8
4418 2
4419 5
4420 2
4421 2
4422 5
4423 2
4424 2
4425 2
4426 2
4427 5
4428 5
4429 5
4430 2
4431 2
4432 2
4433 2
4434 8
4435 2
4436 8
4437 2
4438 5
4439 2
4440 2
4441 5
4442 5
4443 2
4444 5
4445 2
4446 2
4447 2
4448 5
4449 2
4450 2
4451 2
4452 2
4453 2
4454 5
4455 5
4456 2
4457 5
4458 2
4459 2
4460 2
4461 2
4462 2
4463 5
4464 2
4465 8
4466 2
4467 2
4468 8
4469 2
4470 5
4471 2
4472 2
4473 2
4474 5
4475 5
4476 2
4477 2
4478 5
4479 8
4480 2
4481 2
4482 5
4483 5
4484 8
4485 5
4486 2
4487 8
4488 8
4489 2
4490 2
4491 5
4492 2
4493 2
4494 5
4495 2
4496 2
4497 5
4498 2
4499 8
4500 2
4501 2
4502 5
4503 8
4504 2
4505 8
4506 2
4507 8
4508 8
4509 2
4510 2
4511 8
4512 8
4513 5
4514 8
4515 2
4516 5
4517 8
4518 2
4519 2
4520 8
4521 5
4522 8
4523 5
4524 2
4525 8
4526 8
4527 2
4528 5
4529 2
4530 5
4531 5
4532 2
4533 2
4534 5
4535 2
4536 2
4537 5
4538 2
4539 2
4540 2
4541 2
4542 2
4543 2
4544 2
4545 2
4546 8
4547 5
4548 2
4549 5
4550 2
4551 3
4552 2
4553 8
4554 5
4555 8
4556 2
4557 8
4558 2
4559 5
4560 5
4561 2
4562 2
4563 2
4564 2
4565 2
4566 2
4567 5
4568 5
4569 5
4570 2
4571 8
4572 8
4573 2
4574 8
4575 5
4576 8
4577 2
4578 2
4579 5
4580 5
4581 2
4582 2
4583 2
4584 2
4585 8
4586 5
4587 2
4588 2
4589 2
4590 2
4591 3
4592 2
4593 2
4594 2
4595 2
4596 2
4597 2
4598 2
4599 8
4600 2
4601 2
4602 5
4603 5
4604 2
4605 8
4606 2
4607 2
4608 2
4609 8
4610 2
4611 5
4612 2
4613 2
4614 2
4615 5
4616 8
4617 8
4618 2
4619 8
4620 5
4621 8
4622 2
4623 2
4624 5
4625 8
4626 8
4627 2
4628 2
4629 2
4630 2
4631 2
4632 2
4633 5
4634 8
4635 2
4636 2
4637 2
4638 2
4639 5
4640 2
4641 2
4642 5
4643 8
4644 2
4645 5
4646 5
4647 8
4648 2
4649 8
4650 2
4651 5
4652 2
4653 5
4654 2
4655 2
4656 8
4657 2
4658 2
4659 5
4660 5
4661 3
4662 5
4663 5
4664 8
4665 2
4666 8
4667 2
4668 2
4669 8
4670 8
4671 5
4672 8
4673 2
4674 2
4675 2
4676 2
4677 2
4678 2
4679 2
4680 5
4681 5
4682 8
4683 2
4684 2
4685 8
4686 5
4687 5
4688 2
4689 2
4690 2
4691 2
4692 5
4693 8
4694 2
4695 5
4696 2
4697 5
4698 2
4699 2
4700 5
4701 5
4702 2
4703 2
4704 5
4705 2
4706 2
4707 2
4708 2
4709 2
4710 2
4711 2
4712 2
4713 8
4714 5
4715 2
4716 2
4717 2
4718 2
4719 2
4720 8
4721 2
4722 2
4723 8
4724 2
4725 2
4726 5
4727 2
4728 2
4729 2
4730 2
4731 5
4732 5
4733 2
4734 2
4735 2
4736 8
4737 2
4738 8
4739 2
4740 3
4741 5
4742 2
4743 8
4744 5
4745 5
4746 8
4747 2
4748 2
4749 2
4750 5
4751 8
4752 8
4753 5
4754 2
4755 2
4756 8
4757 2
4758 5
4759 5
4760 8
4761 2
4762 2
4763 8
4764 2
4765 2
4766 2
4767 2
4768 8
4769 5
4770 2
4771 2
4772 8
4773 5
4774 2
4775 5
4776 5
4777 8
4778 2
4779 5
4780 2
4781 2
4782 5
4783 5
4784 2
4785 2
4786 2
4787 8
4788 5
4789 5
4790 5
4791 3
4792 5
4793 2
4794 2
4795 2
4796 8
4797 8
4798 2
4799 2
4800 2
4801 2
4802 2
4803 2
4804 8
4805 2
4806 8
4807 2
4808 2
4809 2
4810 2
4811 5
4812 2
4813 2
4814 2
4815 8
4816 2
4817 2
4818 5
4819 5
4820 5
4821 2
4822 5
4823 2
4824 2
4825 5
4826 2
4827 5
4828 5
4829 5
4830 5
4831 5
4832 5
4833 2
4834 5
4835 8
4836 8
4837 8
4838 5
4839 2
4840 2
4841 2
4842 8
4843 5
4844 2
4845 5
4846 2
4847 2
4848 2
4849 2
4850 2
4851 2
4852 8
4853 5
4854 2
4855 2
4856 2
4857 8
4858 5
4859 8
4860 5
4861 2
4862 5
4863 2
4864 2
4865 5
4866 5
4867 2
4868 8
4869 5
4870 2
4871 2
4872 2
4873 8
4874 2
4875 5
4876 8
4877 5
4878 8
4879 8
4880 2
4881 5
4882 5
4883 8
4884 8
4885 5
4886 2
4887 8
4888 2
4889 2
4890 2
4891 2
4892 8
4893 2
4894 8
4895 5
4896 2
4897 8
4898 5
4899 8
4900 2
4901 5
4902 2
4903 2
4904 8
4905 8
4906 5
4907 5
4908 8
4909 2
4910 8
4911 2
4912 8
4913 5
4914 2
4915 5
4916 5
4917 5
4918 2
4919 8
4920 2
4921 2
4922 2
4923 2
4924 5
4925 5
4926 8
4927 5
4928 2
4929 2
4930 2
4931 8
4932 2
4933 5
4934 8
4935 5
4936 8
4937 2
4938 2
4939 2
4940 5
4941 2
4942 5
4943 2
4944 2
4945 2
4946 5
4947 2
4948 2
4949 8
4950 5
4951 2
4952 5
4953 5
4954 2
4955 8
4956 5
4957 8
4958 2
4959 2
4960 5
4961 8
4962 2
4963 5
4964 2
4965 2
4966 5
4967 8
4968 2
4969 2
4970 5
4971 8
4972 5
4973 8
4974 2
4975 5
4976 5
4977 5
4978 2
4979 2
4980 5
4981 2
4982 2
4983 8
4984 2
4985 8
4986 2
4987 5
4988 5
4989 5
4990 2
4991 2
4992 2
4993 2
4994 8
4995 5
4996 2
4997 5
4998 8
4999 2
5000 2
5001 8
5002 2
5003 5
5004 5
5005 2
5006 2
5007 8
5008 2
5009 8
5010 2
5011 5
5012 5
5013 8
5014 5
5015 5
5016 2
5017 2
5018 5
5019 5
5020 2
5021 8
5022 8
5023 8
5024 2
5025 5
5026 2
5027 8
5028 2
5029 2
5030 8
5031 5
5032 8
5033 3
5034 5
5035 2
5036 8
5037 5
5038 8
5039 2
5040 2
5041 8
5042 2
5043 8
5044 2
5045 3
5046 5
5047 8
5048 2
5049 2
5050 5
5051 2
5052 2
5053 2
5054 2
5055 5
5056 3
5057 2
5058 2
5059 8
5060 8
5061 5
5062 8
5063 8
5064 8
5065 2
5066 5
5067 2
5068 2
5069 2
5070 2
5071 8
5072 5
5073 3
5074 8
5075 2
5076 8
5077 5
5078 2
5079 8
5080 2
5081 2
5082 2
5083 2
5084 2
5085 2
5086 8
5087 2
5088 8
5089 2
5090 2
5091 2
5092 2
5093 2
5094 8
5095 2
5096 8
5097 2
5098 5
5099 2
5100 2
5101 2
5102 8
5103 2
5104 8
5105 5
5106 2
5107 2
5108 2
5109 2
5110 8
5111 8
5112 2
5113 2
5114 2
5115 8
5116 5
5117 2
5118 8
5119 8
5120 5
5121 8
5122 2
5123 5
5124 8
5125 5
5126 5
5127 2
5128 2
5129 2
5130 5
5131 2
5132 2
5133 2
5134 8
5135 5
5136 8
5137 8
5138 8
5139 2
5140 5
5141 8
5142 2
5143 8
5144 5
5145 5
5146 2
5147 8
5148 2
5149 2
5150 5
5151 2
5152 8
5153 2
5154 2
5155 8
5156 5
5157 2
5158 5
5159 5
5160 2
5161 8
5162 5
5163 2
5164 2
5165 8
5166 8
5167 5
5168 5
5169 8
5170 2
5171 2
5172 5
5173 3
5174 2
5175 5
5176 2
5177 5
5178 5
5179 8
5180 2
5181 8
5182 5
5183 2
5184 2
5185 8
5186 8
5187 2
5188 2
5189 5
5190 8
5191 8
5192 2
5193 2
5194 2
5195 5
5196 2
5197 2
5198 5
5199 2
5200 2
5201 2
5202 2
5203 2
5204 8
5205 2
5206 5
5207 8
5208 2
5209 2
5210 8
5211 8
5212 5
5213 8
5214 5
5215 5
5216 5
5217 2
5218 2
5219 2
5220 2
5221 2
5222 5
5223 5
5224 2
5225 5
5226 2
5227 2
5228 5
5229 8
5230 2
5231 2
5232 8
5233 2
5234 2
5235 5
5236 5
5237 5
5238 2
5239 2
5240 2
5241 5
5242 2
5243 2
5244 8
5245 8
5246 8
5247 2
5248 2
5249 2
5250 2
5251 2
5252 2
5253 2
5254 8
5255 2
5256 5
5257 5
5258 5
5259 2
5260 2
5261 2
5262 2
5263 8
5264 8
5265 3
5266 8
5267 8
5268 8
5269 5
5270 2
5271 5
5272 8
5273 5
5274 8
5275 2
5276 2
5277 8
5278 2
5279 5
5280 2
5281 2
5282 8
5283 2
5284 2
5285 2
5286 2
5287 5
5288 5
5289 5
5290 2
5291 8
5292 2
5293 8
5294 2
5295 5
5296 2
5297 2
5298 2
5299 2
5300 5
5301 2
5302 8
5303 2
5304 5
5305 5
5306 2
5307 5
5308 2
5309 2
5310 5
5311 5
5312 2
5313 8
5314 2
5315 2
5316 2
5317 5
5318 5
5319 2
5320 2
5321 5
5322 5
5323 2
5324 5
5325 2
5326 5
5327 2
5328 2
5329 2
5330 5
5331 8
5332 2
5333 5
5334 6
5335 2
5336 2
5337 5
5338 8
5339 5
5340 2
5341 2
5342 5
5343 2
5344 2
5345 5
5346 2
5347 2
5348 2
5349 2
5350 5
5351 2
5352 2
5353 2
5354 3
5355 8
5356 8
5357 2
5358 8
5359 2
5360 2
5361 2
5362 2
5363 2
5364 2
5365 2
5366 5
5367 5
5368 2
5369 2
5370 5
5371 5
5372 8
5373 5
5374 2
5375 2
5376 2
5377 2
5378 2
5379 2
5380 8
5381 8
5382 2
5383 2
5384 5
5385 2
5386 2
5387 2
5388 2
5389 2
5390 2
5391 8
5392 8
5393 5
5394 5
5395 8
5396 5
5397 8
5398 2
5399 5
5400 5
5401 5
5402 2
5403 2
5404 5
5405 8
5406 5
5407 8
5408 8
5409 2
5410 2
5411 2
5412 2
5413 8
5414 2
5415 2
5416 5
5417 8
5418 5
5419 2
5420 2
5421 2
5422 5
5423 5
5424 5
5425 2
5426 8
5427 5
5428 5
5429 2
5430 2
5431 2
5432 8
5433 2
5434 2
5435 2
5436 5
5437 2
5438 2
5439 5
5440 2
5441 5
5442 5
5443 2
5444 2
5445 5
5446 5
5447 2
5448 8
5449 2
5450 2
5451 5
5452 8
5453 2
5454 5
5455 5
5456 2
5457 5
5458 2
5459 5
5460 2
5461 2
5462 5
5463 5
5464 2
5465 2
5466 2
5467 5
5468 5
5469 5
5470 5
5471 2
5472 5
5473 2
5474 5
5475 2
5476 2
5477 2
5478 8
5479 2
5480 5
5481 8
5482 5
5483 2
5484 8
5485 5
5486 5
5487 8
5488 5
5489 2
5490 2
5491 2
5492 2
5493 5
5494 8
5495 2
5496 8
5497 2
5498 2
5499 2
5500 2
5501 2
5502 5
5503 8
5504 2
5505 5
5506 2
5507 2
5508 5
5509 2
5510 5
5511 5
5512 2
5513 8
5514 8
5515 2
5516 2
5517 2
5518 2
5519 2
5520 5
5521 2
5522 2
5523 2
5524 2
5525 5
5526 2
5527 5
5528 5
5529 8
5530 2
5531 2
5532 5
5533 2
5534 8
5535 2
5536 2
5537 2
5538 2
5539 3
5540 2
5541 8
5542 2
5543 2
5544 8
5545 8
5546 2
5547 2
5548 5
5549 2
5550 2
5551 2
5552 5
5553 2
5554 8
5555 2
5556 2
5557 2
5558 5
5559 5
5560 2
5561 8
5562 2
5563 2
5564 8
5565 2
5566 2
5567 5
5568 2
5569 5
5570 2
5571 8
5572 5
5573 2
5574 5
5575 8
5576 2
5577 5
5578 5
5579 2
5580 5
5581 2
5582 2
5583 2
5584 2
5585 8
5586 2
5587 2
5588 2
5589 5
5590 5
5591 2
5592 2
5593 2
5594 5
5595 8
5596 5
5597 2
5598 5
5599 8
5600 2
5601 2
5602 5
5603 2
5604 5
5605 2
5606 8
5607 2
5608 5
5609 8
5610 5
5611 2
5612 5
5613 2
5614 8
5615 8
5616 2
5617 5
5618 2
5619 2
5620 8
5621 5
5622 8
5623 2
5624 2
5625 2
5626 5
5627 2
5628 8
5629 5
5630 8
5631 5
5632 5
5633 2
5634 2
5635 8
5636 5
5637 2
5638 8
5639 2
5640 5
5641 2
5642 2
5643 2
5644 2
5645 2
5646 2
5647 8
5648 5
5649 5
5650 2
5651 5
5652 5
5653 8
5654 2
5655 2
5656 5
5657 2
5658 2
5659 2
5660 2
5661 8
5662 5
5663 5
5664 2
5665 2
5666 2
5667 2
5668 2
5669 5
5670 5
5671 2
5672 2
5673 2
5674 2
5675 2
5676 2
5677 2
5678 5
5679 8
5680 2
5681 5
5682 5
5683 5
5684 8
5685 2
5686 8
5687 2
5688 8
5689 5
5690 8
5691 8
5692 2
5693 2
5694 2
5695 2
5696 2
5697 5
5698 8
5699 2
5700 2
5701 2
5702 8
5703 2
5704 8
5705 2
5706 5
5707 2
5708 8
5709 8
5710 2
5711 2
5712 2
5713 5
5714 8
5715 5
5716 8
5717 2
5718 2
5719 5
5720 2
5721 2
5722 8
5723 2
5724 8
5725 5
5726 2
5727 2
5728 5
5729 2
5730 2
5731 2
5732 2
5733 8
5734 2
5735 5
5736 5
5737 2
5738 8
5739 2
5740 2
5741 2
5742 2
5743 5
5744 2
5745 8
5746 2
5747 5
5748 2
5749 5
5750 2
5751 8
5752 5
5753 8
5754 5
5755 8
5756 2
5757 2
5758 5
5759 2
5760 5
5761 5
5762 2
5763 2
5764 2
5765 2
5766 5
5767 2
5768 2
5769 2
5770 8
5771 2
5772 2
5773 8
5774 3
5775 5
5776 5
5777 2
5778 2
5779 5
5780 2
5781 2
5782 8
5783 2
5784 2
5785 2
5786 5
5787 2
5788 2
5789 2
5790 5
5791 2
5792 2
5793 2
5794 5
5795 2
5796 2
5797 2
5798 2
5799 8
5800 2
5801 2
5802 2
5803 2
5804 5
5805 2
5806 8
5807 2
5808 8
5809 3
5810 2
5811 5
5812 2
5813 8
5814 5
5815 5
5816 2
5817 8
5818 2
5819 2
5820 2
5821 5
5822 2
5823 2
5824 2
5825 8
5826 2
5827 2
5828 2
5829 5
5830 5
5831 2
5832 5
5833 2
5834 8
5835 5
5836 2
5837 8
5838 5
5839 2
5840 5
5841 2
5842 8
5843 2
5844 2
5845 2
5846 5
5847 8
5848 8
5849 2
5850 8
5851 2
5852 2
5853 2
5854 2
5855 8
5856 2
5857 3
5858 8
5859 2
5860 2
5861 2
5862 2
5863 5
5864 2
5865 5
5866 5
5867 2
5868 8
5869 5
5870 5
5871 5
5872 2
5873 5
5874 8
5875 2
5876 2
5877 2
5878 8
5879 5
5880 8
5881 5
5882 2
5883 2
5884 8
5885 8
5886 2
5887 2
5888 2
5889 2
5890 2
5891 2
5892 2
5893 8
5894 5
5895 2
5896 2
5897 2
5898 2
5899 2
5900 8
5901 8
5902 8
5903 8
5904 5
5905 2
5906 2
5907 2
5908 5
5909 2
5910 5
5911 2
5912 8
5913 5
5914 8
5915 2
5916 5
5917 2
5918 8
5919 2
5920 8
5921 2
5922 2
5923 2
5924 8
5925 8
5926 2
5927 8
5928 2
5929 3
5930 2
5931 8
5932 2
5933 5
5934 5
5935 2
5936 5
5937 5
5938 8
5939 5
5940 2
5941 2
5942 8
5943 5
5944 5
5945 2
5946 5
5947 5
5948 2
5949 2
5950 5
5951 5
5952 2
5953 2
5954 2
5955 8
5956 2
5957 5
5958 8
5959 5
5960 2
5961 2
5962 5
5963 8
5964 2
5965 2
5966 5
5967 2
5968 5
5969 2
5970 8
5971 2
5972 8
5973 2
5974 2
5975 2
5976 5
5977 2
5978 2
5979 2
5980 2
5981 5
5982 2
5983 8
5984 5
5985 8
5986 2
5987 8
5988 2
5989 2
5990 2
5991 8
5992 2
5993 5
5994 8
5995 5
5996 2
5997 8
5998 5
5999 8
6000 2
6001 2
6002 5
6003 5
6004 2
6005 5
6006 2
6007 2
6008 2
6009 2
6010 5
6011 2
6012 5
6013 2
6014 5
6015 8
6016 8
6017 2
6018 5
6019 2
6020 2
6021 5
6022 5
6023 5
6024 8
6025 5
6026 8
6027 5
6028 2
6029 5
6030 2
6031 2
6032 5
6033 2
6034 2
6035 2
6036 5
6037 8
6038 5
6039 8
6040 5
6041 8
6042 5
6043 5
6044 5
6045 2
6046 2
6047 2
6048 5
6049 2
6050 2
6051 2
6052 2
6053 2
6054 2
6055 5
6056 8
6057 2
6058 8
6059 5
6060 8
6061 8
6062 5
6063 5
6064 2
6065 2
6066 2
6067 2
6068 2
6069 2
6070 5
6071 5
6072 2
6073 5
6074 5
6075 5
6076 5
6077 5
6078 8
6079 5
6080 5
6081 8
6082 2
6083 8
6084 5
6085 3
6086 5
6087 2
6088 2
6089 2
6090 2
6091 5
6092 5
6093 2
6094 2
6095 2
6096 8
6097 8
6098 5
6099 8
6100 8
6101 2
6102 2
6103 5
6104 2
6105 5
6106 8
6107 2
6108 2
6109 8
6110 2
6111 8
6112 5
6113 8
6114 2
6115 8
6116 8
6117 8
6118 8
6119 5
6120 5
6121 2
6122 2
6123 2
6124 8
6125 2
6126 2
6127 5
6128 2
6129 2
6130 8
6131 5
6132 2
6133 8
6134 2
6135 2
6136 2
6137 8
6138 2
6139 2
6140 2
6141 2
6142 8
6143 2
6144 5
6145 2
6146 2
6147 5
6148 3
6149 2
6150 5
6151 2
6152 2
6153 5
6154 5
6155 8
6156 2
6157 2
6158 2
6159 8
6160 2
6161 5
6162 5
6163 8
6164 2
6165 5
6166 2
6167 8
6168 2
6169 2
6170 8
6171 2
6172 8
6173 8
6174 2
6175 2
6176 2
6177 8
6178 8
6179 8
6180 2
6181 8
6182 2
6183 2
6184 5
6185 8
6186 8
6187 2
6188 8
6189 2
6190 5
6191 2
6192 2
6193 2
6194 8
6195 2
6196 5
6197 2
6198 2
6199 5
6200 8
6201 8
6202 8
6203 5
6204 2
6205 5
6206 2
6207 2
6208 5
6209 8
6210 2
6211 2
6212 5
6213 8
6214 2
6215 2
6216 8
6217 8
6218 5
6219 2
6220 8
6221 5
6222 2
6223 8
6224 2
6225 8
6226 2
6227 2
6228 2
6229 2
6230 2
6231 5
6232 2
6233 5
6234 2
6235 2
6236 5
6237 2
6238 5
6239 2
6240 2
6241 2
6242 2
6243 2
6244 5
6245 5
6246 2
6247 5
6248 5
6249 2
6250 2
6251 5
6252 5
6253 8
6254 8
6255 8
6256 5
6257 2
6258 8
6259 5
6260 2
6261 5
6262 8
6263 2
6264 5
6265 8
6266 2
6267 2
6268 2
6269 5
6270 5
6271 8
6272 2
6273 5
6274 5
6275 2
6276 2
6277 2
6278 5
6279 8
6280 8
6281 2
6282 8
6283 2
6284 2
6285 2
6286 2
6287 5
6288 2
6289 2
6290 2
6291 8
6292 2
6293 8
6294 2
6295 2
6296 2
6297 2
6298 2
6299 2
6300 2
6301 5
6302 8
6303 8
6304 2
6305 8
6306 8
6307 2
6308 8
6309 5
6310 2
6311 2
6312 2
6313 2
6314 2
6315 5
6316 2
6317 5
6318 5
6319 2
6320 2
6321 5
6322 2
6323 5
6324 2
6325 5
6326 2
6327 2
6328 2
6329 2
6330 5
6331 2
6332 5
6333 2
6334 2
6335 2
6336 8
6337 2
6338 2
6339 5
6340 2
6341 2
6342 2
6343 5
6344 2
6345 3
6346 8
6347 2
6348 2
6349 2
6350 2
6351 2
6352 2
6353 2
6354 5
6355 2
6356 2
6357 5
6358 5
6359 2
6360 5
6361 8
6362 2
6363 2
6364 8
6365 2
6366 8
6367 2
6368 8
6369 2
6370 5
6371 2
6372 5
6373 5
6374 5
6375 2
6376 2
6377 8
6378 8
6379 5
6380 2
6381 2
6382 2
6383 2
6384 8
6385 5
6386 8
6387 8
6388 8
6389 2
6390 5
6391 5
6392 5
6393 5
6394 2
6395 2
6396 2
6397 2
6398 2
6399 2
6400 5
6401 2
6402 2
6403 5
6404 5
6405 2
6406 5
6407 2
6408 2
6409 5
6410 8
6411 2
6412 2
6413 5
6414 5
6415 2
6416 2
6417 2
6418 8
6419 2
6420 2
6421 2
6422 8
6423 8
6424 2
6425 8
6426 5
6427 5
6428 8
6429 5
6430 5
6431 2
6432 2
6433 2
6434 8
6435 2
6436 2
6437 8
6438 2
6439 8
6440 8
6441 5
6442 5
6443 8
6444 2
6445 5
6446 2
6447 8
6448 5
6449 2
6450 2
6451 8
6452 8
6453 5
6454 8
6455 2
6456 2
6457 2
6458 5
6459 2
6460 8
6461 8
6462 2
6463 2
6464 2
6465 2
6466 2
6467 5
6468 2
6469 5
6470 2
6471 2
6472 2
6473 2
6474 2
6475 8
6476 2
6477 2
6478 8
6479 2
6480 5
6481 2
6482 2
6483 2
6484 2
6485 8
6486 2
6487 2
6488 5
6489 2
6490 2
6491 2
6492 5
6493 5
6494 5
6495 2
6496 8
6497 2
6498 5
6499 2
6500 5
6501 2
6502 8
6503 5
6504 2
6505 8
6506 2
6507 8
6508 2
6509 5
6510 8
6511 2
6512 2
6513 5
6514 2
6515 2
6516 2
6517 5
6518 2
6519 2
6520 8
6521 5
6522 8
6523 2
6524 2
6525 5
6526 2
6527 2
6528 2
6529 2
6530 5
6531 2
6532 2
6533 8
6534 2
6535 5
6536 2
6537 8
6538 2
6539 2
6540 8
6541 2
6542 5
6543 2
6544 8
6545 2
6546 8
6547 2
6548 2
6549 8
6550 2
6551 2
6552 2
6553 2
6554 2
6555 8
6556 2
6557 8
6558 5
6559 2
6560 5
6561 2
6562 2
6563 2
6564 5
6565 8
6566 2
6567 8
6568 8
6569 5
6570 8
6571 2
6572 8
6573 2
6574 2
6575 2
6576 5
6577 2
6578 2
6579 5
6580 5
6581 8
6582 8
6583 2
6584 2
6585 5
6586 5
6587 2
6588 8
6589 2
6590 5
6591 8
6592 8
6593 2
6594 8
6595 8
6596 5
6597 2
6598 5
6599 2
6600 2
6601 2
6602 5
6603 2
6604 2
6605 2
6606 2
6607 2
6608 5
6609 5
6610 3
6611 2
6612 2
6613 2
6614 2
6615 2
6616 5
6617 5
6618 8
6619 2
6620 5
6621 2
6622 2
6623 2
6624 2
6625 2
6626 8
6627 8
6628 8
6629 5
6630 5
6631 2
6632 2
6633 2
6634 8
6635 5
6636 8
6637 8
6638 2
6639 5
6640 2
6641 2
6642 5
6643 2
6644 2
6645 3
6646 2
6647 8
6648 2
6649 8
6650 8
6651 5
6652 5
6653 2
6654 5
6655 2
6656 8
6657 2
6658 5
6659 5
6660 2
6661 2
6662 2
6663 8
6664 2
6665 5
6666 5
6667 2
6668 5
6669 5
6670 8
6671 2
6672 8
6673 5
6674 2
6675 2
6676 2
6677 2
6678 5
6679 5
6680 5
6681 5
6682 5
6683 2
6684 5
6685 5
6686 5
6687 5
6688 2
6689 5
6690 2
6691 2
6692 2
6693 2
6694 8
6695 2
6696 2
6697 8
6698 2
6699 8
6700 2
6701 2
6702 2
6703 2
6704 5
6705 2
6706 5
6707 5
6708 8
6709 5
6710 2
6711 5
6712 2
6713 2
6714 8
6715 8
6716 8
6717 2
6718 5
6719 5
6720 2
6721 2
6722 8
6723 5
6724 2
6725 5
6726 2
6727 2
6728 2
