head_type relation_type node_type representation
1 0 2 -0.01024 0.0030899143 -0.06651052 0.0064428328 -0.044323713 -0.06161656 0.012627777 -0.049458034
4 9 1 -0.06887616 -0.051373422 -0.015220854 -0.034286838 0.046685345 0.029053597 -0.0046727667 -0.03805016
2 7 1 0.022731494 -0.06417946 -0.044184286 -0.024232201 -0.021385072 -0.048319384 0.008208019 0.03470757
1 2 4 0.021679632 -0.04922412 -0.008865464 -0.02823217 0.012541697 -0.008375822 -0.07094124 -0.01777201
1 4 6 0.011273831 -0.03386278 -0.056564387 0.02075482 0.024913533 0.009475907 -0.011535335 -0.02742017
1 5 7 -0.06611216 -0.054376964 -0.04324034 0.03181553 -0.06575917 0.008224262 -0.021143435 0.04211312
3 8 1 -0.019298565 -0.029751332 -0.04511799 -0.022014849 -0.055014253 -0.06351415 0.019859402 -0.016853316
8 13 1 0.020565713 0.00095193577 -0.011430593 0.0039295275 -0.0034060306 0.008453322 0.011254298 -0.043542508
7 12 1 -0.050613254 -0.055416357 -0.0074806972 -0.013878213 0.032357022 0.024953559 0.01370573 -0.045388512
1 1 3 -0.023588527 0.037503812 0.0047742287 0.03818609 0.029910749 0.03596936 -0.08117745 -0.00072299136
6 11 1 -0.07515738 0.036902033 0.034456078 0.073808335 -0.003978482 -0.0032988351 0.00043841073 0.04613496
1 3 5 0.021519281 -4.351627e-05 0.027789528 0.063166596 -0.019536782 0.008005947 0.0025944037 0.027112735
1 6 8 -0.07586884 -0.05488193 0.001992938 -0.027917342 -0.0565737 -0.0193369 0.030661082 -0.023648987
5 10 1 -0.014836237 -0.010727295 -0.07650793 -0.010722314 -0.038029037 0.0042832275 -0.003590545 -0.05220305
2 13 1 -0.02035341 -0.042767655 0.003697667 0.07126812 -0.008658468 0.013658119 0.017526722 -0.057899185
1 6 2 -0.034516566 -0.05168043 -0.056797866 0.05546157 -0.05202347 -0.0049386974 -0.08114555 0.033387043
5 7 1 -0.009753337 0.009931666 -0.07250426 0.073110305 -0.045702774 0.002888543 0.02255412 0.034903336
1 0 5 0.013056075 0.028076785 0.00036020653 0.07002822 0.019390767 -0.025870692 0.017727783 0.017299311
1 0 8 -0.014787675 0.02370807 -0.04643646 -0.009212941 -0.057629924 -0.06579452 -0.016663812 -0.021973602
8 7 1 -0.076110266 -0.0044183764 -0.009451398 0.03326996 0.047768958 -0.018564275 -0.11027682 -0.031250518
2 10 1 -0.00029962065 0.021809136 -0.03561875 0.02183976 0.020351747 -0.011813384 -0.027769225 -0.067537084
1 3 2 0.031740975 0.0017745461 0.01336766 -0.03929564 -0.0021871214 -0.0065766084 -0.07224288 0.04223585
5 13 1 -0.036081716 -0.051400058 0.019424608 -0.04985908 -0.05970479 -0.039576914 -0.028560836 -0.05025723
1 6 5 0.02117643 -0.039746508 0.0044063795 -0.04476329 0.009731812 -0.015743427 -0.016776444 -0.0018813715
1 3 8 -0.03285645 0.011021517 0.0036350663 0.061930027 0.025037788 -0.06835235 -0.06060339 0.0074195396
8 10 1 -0.02899376 0.042002443 -0.07892641 -0.003471633 -0.03208159 0.016380183 -0.036478013 -0.0097492775
